3.603290766477584839e-03
4.466294558369554579e-05
4.256712782080285251e-05
5.034236164647154510e-05
6.372482312144711614e-05
3.116195148322731256e-05
6.845474126748740673e-04
2.030600421130657196e-02
3.412915021181106567e-02
5.057014277554117143e-05
7.422133057843893766e-05
7.422133057843893766e-05
7.087619451340287924e-05
6.838492117822170258e-05
6.817730172770097852e-05
5.199846054892987013e-05
7.550868758698925376e-05
4.823541894438676536e-05
6.805279554100707173e-05
4.515106411417946219e-05
6.429361383197829127e-05
6.216738984221592546e-05
5.991174839437007904e-03
6.022387242410331964e-05
6.522271723952144384e-05
5.369728751247748733e-05
5.418914952315390110e-05
7.307768100872635841e-05
5.854721166542731225e-05
7.593735790578648448e-05
5.254071220406331122e-05
9.028267231769859791e-05
9.033136302605271339e-05
8.781403448665514588e-05
4.911414362140931189e-05
6.055540507077239454e-05
7.019049371592700481e-05
8.200100273825228214e-05
3.737264705705456436e-05
7.301956065930426121e-05
3.261588062741793692e-05
6.178850162541493773e-05
8.785590034676715732e-05
8.784752571955323219e-05
8.787475962890312076e-05
2.440307434881106019e-04
3.743264824151992798e-05
6.505349301733076572e-05
3.529255991452373564e-05
8.414644253207370639e-05
1.259017590200528502e-04
4.805487333214841783e-05
5.410135054262354970e-05
3.343842399772256613e-05
3.321098338346928358e-04
5.927725214860402048e-05
4.146361607126891613e-05
4.474500383366830647e-05
3.421585279284045100e-05
6.140578625490888953e-05
1.684000017121434212e-04
4.035671736346557736e-05
3.695867781061679125e-05
1.074585379683412611e-04
7.049458508845418692e-05
7.514264143537729979e-05
4.491131403483450413e-05
5.597389827016741037e-05
3.960587127949111164e-05
3.978807944804430008e-05
5.940237679169513285e-05
4.982500104233622551e-05
4.420958430273458362e-05
9.348261664854362607e-05
1.960484951268881559e-04
4.960889054927974939e-05
4.049477502121590078e-05
1.295242691412568092e-03
5.968793266220018268e-05
7.781331078149378300e-05
2.331087453057989478e-04
7.594901398988440633e-05
7.586053106933832169e-05
7.581083627883344889e-05
9.916815906763076782e-05
4.385594002087600529e-05
3.816601747530512512e-05
6.402769213309511542e-05
5.264155697659589350e-05
4.581677785608917475e-05
7.550078589702025056e-05
1.201147772371768951e-02
5.578195123234763741e-05
4.116881245863623917e-05
4.822916525881737471e-05
4.644213186111301184e-05
4.637811434804461896e-05
4.711216388386674225e-05
7.497042679460719228e-05
4.784128032042644918e-05
7.656772504560649395e-05
7.667472527828067541e-05
4.213622742099687457e-05
6.951450632186606526e-05
6.490050145657733083e-05
7.128607830964028835e-05
3.901497620972804725e-05
5.877791045350022614e-05
5.870193126611411572e-05
6.164870137581601739e-05
5.072529311291873455e-04
5.004203194403089583e-05
6.529537495225667953e-05
5.511181734618730843e-05
6.589072290807962418e-05
7.991354505065828562e-05
5.864122431376017630e-05
4.867064490099437535e-05
6.714164919685572386e-05
4.309392534196376801e-05
7.294288661796599627e-05
5.364880053093656898e-05
7.662122516194358468e-05
4.743609679280780256e-05
5.329640116542577744e-04
5.293666254146955907e-05
3.191626092302612960e-05
6.629135168623179197e-05
5.970154961687512696e-05
5.193085962673649192e-05
2.042338601313531399e-04
4.033731762319803238e-03
4.227927638567052782e-05
7.007786916801705956e-05
4.396577060106210411e-05
6.905235204612836242e-05
1.904593897052109241e-03
4.350524977780878544e-05
7.341351738432422280e-05
1.445786561816930771e-02
7.644595461897552013e-05
4.566919596982188523e-05
5.146316107129678130e-05
5.106943353894166648e-05
3.858123818645253778e-05
6.668116839136928320e-05
1.174342323793098330e-04
4.423347127158194780e-05
4.768984945258125663e-05
5.183096800465136766e-05
6.346832378767430782e-05
6.133673014119267464e-05
6.688441499136388302e-05
6.562441558344289660e-05
6.447143823606893420e-05
5.611988672171719372e-05
5.467986557050608099e-05
6.056748316041193902e-05
7.256468961713835597e-05
6.409134221030399203e-05
4.831994010601192713e-05
4.502517185756005347e-05
2.854437567293643951e-03
4.315651676733978093e-05
4.109177098143845797e-05
6.530975952045992017e-05
5.702419002773240209e-05
4.807159712072461843e-05
7.293194648809731007e-04
3.731643300852738321e-05
5.879567834199406207e-05
4.029695410281419754e-04
3.846928666462190449e-05
6.670225411653518677e-05
5.100608905195258558e-05
7.388005178654566407e-05
6.900028529344126582e-05
8.768746192799881101e-05
3.580635893740691245e-05
6.073217809898778796e-05
7.694001396885141730e-05
7.775767153361812234e-05
4.682350481743924320e-05
5.830670852446928620e-05
5.102396971778944135e-05
1.424994505941867828e-02
5.211431925999931991e-05
5.016509021515958011e-05
4.553922917693853378e-05
3.535697760526090860e-05
8.430643356405198574e-05
8.852776954881846905e-05
5.286012674332596362e-05
6.854903767816722393e-05
6.507307261927053332e-05
7.273572555277496576e-05
7.830859249224886298e-05
1.219926634803414345e-04
5.873912596143782139e-05
5.564770253840833902e-05
4.853518839809112251e-05
4.864784204983152449e-05
1.467273919843137264e-03
5.013599002268165350e-05
5.895184222026728094e-05
4.215379158267751336e-05
3.284533740952610970e-04
7.937323971418663859e-05
5.882281038793735206e-05
4.240807611495256424e-04
5.497540041687898338e-05
6.458420830313116312e-05
4.094406540389172733e-05
6.449879583669826388e-05
8.864506526151672006e-05
4.768110738950781524e-05
7.389803067781031132e-05
4.747224738821387291e-05
6.318160740192979574e-05
5.907671220484189689e-05
6.066034620744176209e-05
7.065424142638221383e-05
6.191103602759540081e-05
4.688342596637085080e-05
6.980365287745371461e-05
6.639407365582883358e-05
5.812317613163031638e-05
7.718282868154346943e-04
7.790791278239339590e-05
5.229459929978474975e-05
5.752485594712197781e-05
4.621691550710238516e-05
5.844718180014751852e-05
1.086865449906326830e-04
7.581086538266390562e-05
3.417349216761067510e-05
4.728159547084942460e-05
6.443591701099649072e-05
7.777760038152337074e-05
3.240962541894987226e-05
3.817856486421078444e-05
4.868265023105777800e-05
3.927163561456836760e-05
3.994687358499504626e-05
4.034323865198530257e-05
3.885693877236917615e-05
6.960612518014386296e-05
6.434044189518317580e-05
5.889459862373769283e-05
4.785233613802120090e-05
3.469293296802788973e-04
5.209473602008074522e-05
8.198607247322797775e-05
1.068342030048370361e-01
6.402465078281238675e-05
3.697071224451065063e-05
4.322715176385827363e-05
6.470750668086111546e-05
4.283878297428600490e-05
6.797752575948834419e-05
4.917129263048991561e-05
4.665836604544892907e-05
7.623802230227738619e-05
4.110495137865655124e-05
7.219459075713530183e-05
7.087528501870110631e-05
4.808151279576122761e-04
5.164890171727165580e-05
5.577327101491391659e-05
4.688794797402806580e-05
4.688104309025220573e-05
1.678848266601562500e-02
3.935425047529861331e-05
6.042334644007496536e-05
5.526229870156385005e-05
4.313336103223264217e-05
5.910783875151537359e-05
6.657037738477811217e-05
6.605476373806595802e-04
7.499803905375301838e-05
1.187490342999808490e-04
1.169330254197120667e-02
3.222463783458806574e-05
6.841605500085279346e-05
5.331907232175581157e-05
7.799715967848896980e-05
7.798621663823723793e-05
7.800231833243742585e-05
8.086535672191530466e-05
5.948816396994516253e-05
5.842523751198314130e-05
7.303471647901460528e-05
7.213083881651982665e-05
6.669443246209993958e-05
5.575306931859813631e-05
2.749564300756901503e-04
6.372061761794611812e-05
4.943467138218693435e-05
6.448870408348739147e-05
7.127499702619388700e-05
5.873428744962438941e-05
8.936462836572900414e-05
8.939052349887788296e-05
8.935311780078336596e-05
3.901523086824454367e-05
6.748927989974617958e-05
6.428868073271587491e-05
7.410654507111757994e-05
8.085097942966967821e-05
4.755503323394805193e-05
5.931747728027403355e-05
6.874168320791795850e-05
6.139031029306352139e-05
3.159051993861794472e-05
7.730083598289638758e-05
9.483957546763122082e-05
4.927272311761043966e-05
6.688964640488848090e-05
7.007565000094473362e-05
5.077735841041430831e-05
5.481383414007723331e-05
5.392316234065219760e-05
4.974976764060556889e-05
2.063049614662304521e-04
6.264240073505789042e-05
1.027698599500581622e-04
7.429783727275207639e-05
5.735626109526492655e-05
5.918841634411364794e-05
6.633233715547248721e-05
5.958098699920810759e-05
5.605600017588585615e-05
1.348487567156553268e-04
7.138857472455129027e-05
4.482592339627444744e-05
1.497946941526606679e-04
1.169760362245142460e-04
6.709382432745769620e-05
6.258276698645204306e-05
4.973005343344993889e-05
7.498316699638962746e-05
6.364090222632512450e-05
4.256929969415068626e-05
8.186142076738178730e-05
5.063178105046972632e-05
4.457237810129299760e-05
4.099457524716854095e-03
5.434040576801635325e-05
6.212771404534578323e-05
7.289906352525576949e-05
6.202908116392791271e-05
3.369696059962734580e-05
3.753518467419780791e-05
6.405314343282952905e-05
4.339466977398842573e-05
5.831794987898319960e-05
3.553429996827617288e-05
1.352297404082491994e-04
3.911337626050226390e-05
4.066780820721760392e-05
6.147808016976341605e-05
6.049267540220171213e-05
6.044320980436168611e-05
4.409172834130004048e-05
2.957743708975613117e-05
5.994556340738199651e-05
4.182118573226034641e-05
4.858133979723788798e-05
4.251671998645178974e-05
5.572765439865179360e-05
4.674255978898145258e-05
6.401897553587332368e-05
4.526414340944029391e-05
4.003300637123174965e-05
4.290934521122835577e-05
5.690626858267933130e-05
4.866606832365505397e-05
6.129151582717895508e-02
5.171237717149779201e-05
5.003288606530986726e-05
6.030699296388775110e-05
6.400391430361196399e-05
4.048830305691808462e-05
4.378178709885105491e-05
4.327642091084271669e-05
5.618194700218737125e-05
3.114986247965134680e-05
4.728550266008824110e-05
6.464625766966491938e-05
2.866647846531122923e-04
7.549238216597586870e-05
6.750845932401716709e-05
5.063244680059142411e-05
8.659206650918349624e-05
1.677911932347342372e-04
4.918341437587514520e-05
7.007073145359754562e-05
4.031993739772588015e-05
5.941572817391715944e-05
5.137295011081732810e-05
3.386769822100177407e-05
6.734381167916581035e-05
8.139397687045857310e-05
4.038382903672754765e-04
2.999682874360587448e-05
4.238786277710460126e-05
4.352263931650668383e-05
7.371130050159990788e-05
3.963898780057206750e-05
7.755315891699865460e-05
2.957418910227715969e-04
7.230696064652875066e-05
6.759199459338560700e-05
4.333484685048460960e-05
7.444230141118168831e-05
8.638694271212443709e-05
8.803531090961769223e-05
4.770463783643208444e-05
7.772911339998245239e-05
7.333557732636108994e-05
7.330268999794498086e-05
7.382465264527127147e-05
7.364894554484635592e-05
7.332197856158018112e-05
7.333983376156538725e-05
7.332443783525377512e-05
7.333615212701261044e-05
7.332841050811111927e-05
7.331601227633655071e-05
7.334042311413213611e-05
7.330821244977414608e-05
7.342173921642825007e-05
7.334360998356714845e-05
7.334034307859838009e-05
4.105994885321706533e-04
3.189141571056097746e-04
3.267762367613613605e-04
4.155972856096923351e-04
3.516058786772191525e-04
3.314117202535271645e-04
3.291626053396612406e-04
3.054748522117733955e-04
3.002613957505673170e-04
2.954345254693180323e-04
2.992053632624447346e-04
2.974687085952609777e-04
3.021094889845699072e-04
3.030696534551680088e-04
2.940724371001124382e-04
2.987960178870707750e-04
3.028883365914225578e-04
3.009184729307889938e-04
2.997918345499783754e-04
2.993780071847140789e-04
2.996009425260126591e-04
2.994565293192863464e-04
3.084227209910750389e-04
3.030759980902075768e-04
3.024526522494852543e-04
2.973473747260868549e-04
2.898088132496923208e-04
2.967765321955084801e-04
2.916194498538970947e-04
3.075302229262888432e-04
3.079386951867491007e-04
3.075560380239039660e-04
3.069342637900263071e-04
2.809811558108776808e-04
2.828478463925421238e-04
3.059745940845459700e-04
6.647197733400389552e-05
4.027674367534928024e-05
1.512557209935039282e-04
2.480259863659739494e-04
5.184862675378099084e-05
6.542331539094448090e-05
6.542331539094448090e-05
4.053923112223856151e-05
5.928729660809040070e-05
4.642843123292550445e-05
7.302872836589813232e-05
6.508354272227734327e-05
6.414548988686874509e-05
6.492312240879982710e-05
6.258357461774721742e-05
5.880450771655887365e-05
5.037971641286276281e-05
6.005433897371403873e-05
6.124641367932781577e-05
6.552146078320220113e-05
1.117240826715715230e-04
5.648755177389830351e-05
5.283036807668395340e-05
6.713889888487756252e-05
7.074059976730495691e-05
8.771099237492308021e-05
5.506894012796692550e-05
5.516712917597033083e-05
5.657833025907166302e-05
6.508335354737937450e-05
6.729271262884140015e-05
1.664668961893767118e-04
1.335422421107068658e-04
8.827770216157659888e-05
4.625132714863866568e-05
4.566601273836567998e-05
6.895037222420796752e-05
5.636207060888409615e-05
5.960519774816930294e-05
4.442667341209016740e-05
8.604845061199739575e-05
6.064180342946201563e-05
6.381130515364930034e-05
6.282793765421956778e-05
6.280902744038030505e-05
6.279125227592885494e-05
5.507353489520028234e-05
5.838435390614904463e-05
1.149931777035817504e-04
1.647257304284721613e-04
6.531469261972233653e-05
1.879821647889912128e-04
1.699138229014351964e-04
2.683165948837995529e-04
8.978217374533414841e-05
1.368308876408264041e-04
1.715142716420814395e-04
1.451233838452026248e-04
1.340642047580331564e-04
2.105313906213268638e-04
1.205604930873960257e-04
1.192976124002598226e-04
2.204157935921102762e-04
2.252132107969373465e-04
1.184692810056731105e-04
1.221623242599889636e-04
1.433585421182215214e-04
1.254853123100474477e-04
1.189215545309707522e-04
1.698795822449028492e-04
1.010446649161167443e-04
1.492564915679395199e-04
1.337447756668552756e-04
7.613388879690319300e-05
8.806815458228811622e-05
6.722850230289623141e-05
7.194303907454013824e-05
1.999456726480275393e-04
8.003769471542909741e-05
6.739561649737879634e-05
6.214161840034648776e-05
4.809488382306881249e-05
5.571953806793317199e-05
5.580615106737241149e-05
7.881346391513943672e-05
7.695905514992773533e-05
5.898804010939784348e-05
6.368493632180616260e-05
6.315267091849818826e-05
6.434223905671387911e-05
6.408447370631620288e-05
4.994989285478368402e-05
6.588287942577153444e-05
6.357230449793860316e-05
5.379455251386389136e-05
1.468492555432021618e-04
9.443538874620571733e-05
6.817686517024412751e-05
5.194319965085014701e-05
5.784023232990875840e-05
5.368818892748095095e-05
5.806088665849529207e-05
4.255384192219935358e-05
4.668425754061900079e-05
6.889198994031175971e-05
1.131737590185366571e-04
4.973303293809294701e-05
8.070401236182078719e-05
5.733647412853315473e-05
4.358783189672976732e-05
2.622425672598183155e-04
7.564696716144680977e-05
4.043849548907019198e-05
4.721562072518281639e-05
6.430970097426325083e-05
2.922235580626875162e-04
7.563436520285904408e-05
6.388853944372385740e-05
5.556553514907136559e-05
6.183092045830562711e-05
5.290941408020444214e-05
5.249696914688684046e-05
4.146002902416512370e-05
4.102699676877819002e-05
6.996294541750103235e-05
1.450080983340740204e-02
5.690599937224760652e-05
5.500241968547925353e-05
5.590239743469282985e-05
8.111237548291683197e-05
6.721756653860211372e-05
4.333947072154842317e-05
7.054906745906919241e-05
4.262211950845085084e-05
9.360779222333803773e-05
6.115967698860913515e-05
4.840968176722526550e-05
6.151096022222191095e-05
7.597831427119672298e-05
5.744370355387218297e-05
7.893649308243766427e-05
6.003443559166043997e-05
7.374276901828125119e-05
6.049417788744904101e-05
5.961923670838586986e-05
6.240684888325631618e-05
7.016305607976391912e-05
4.479614653973840177e-05
5.964084630249999464e-05
5.391193917603231966e-05
5.058889655629172921e-05
7.685826858505606651e-05
5.290202898322604597e-05
4.565281415125355124e-05
9.825656161410734057e-05
7.544935215264558792e-05
4.952647577738389373e-05
5.569103814195841551e-05
4.221676499582827091e-05
7.604524580528959632e-05
5.533954390557482839e-05
6.432728696381673217e-05
6.557987217092886567e-05
4.886711758445017040e-05
5.808876449009403586e-05
7.318088319152593613e-05
4.941943552694283426e-05
6.093785850680433214e-05
4.632130367099307477e-05
4.604969944921322167e-05
5.717825115425512195e-05
6.151462002890184522e-05
3.093052146141417325e-05
3.823264341917820275e-05
7.907434337539598346e-05
5.010863606003113091e-05
6.698135985061526299e-05
6.608130934182554483e-05
5.848030195920728147e-05
5.333181616151705384e-05
5.133967715664766729e-05
6.506666977657005191e-05
6.501411553472280502e-05
4.938263737130910158e-05
6.713895709253847599e-05
4.834665378439240158e-05
4.246078897267580032e-04
8.646042260807007551e-05
8.686307410243898630e-05
8.754268492339178920e-05
3.460151128820143640e-05
4.935103424941189587e-05
5.843505641678348184e-05
3.623031079769134521e-05
5.896574293728917837e-05
6.631808355450630188e-05
5.891078762942925096e-05
5.757815961260348558e-05
5.958530164207331836e-05
3.964368806919082999e-05
5.812333984067663550e-05
6.526470679091289639e-05
5.969657286186702549e-05
6.827717879787087440e-05
5.748491457779891789e-05
4.869611439062282443e-05
5.081610652268864214e-05
7.820049358997493982e-05
6.829882477177307010e-05
4.978174911229871213e-05
5.425888593890704215e-05
6.720412784488871694e-05
6.407375622075051069e-05
6.865531031507998705e-05
6.773124187020584941e-05
5.592391607933677733e-05
6.319586827885359526e-05
4.736936534754931927e-05
5.646788486046716571e-05
4.901627107756212354e-05
1.275095419259741902e-04
3.637389818322844803e-05
7.279863348230719566e-05
4.835163781535811722e-05
5.062188938609324396e-05
4.671205533668398857e-05
8.841938688419759274e-05
5.802763553219847381e-05
6.674147152807563543e-05
3.630199353210628033e-05
5.935892841080203652e-05
5.933075590291991830e-05
6.527565710712224245e-05
3.508108056848868728e-05
7.301826553884893656e-05
7.961978553794324398e-05
1.291875087190419436e-04
7.315905531868338585e-05
7.315905531868338585e-05
5.121603317093104124e-05
5.484841312863864005e-05
6.713627954013645649e-05
7.845540676498785615e-05
5.571360452449880540e-05
6.808864418417215347e-05
6.794607907067984343e-05
8.396172052016481757e-05
5.760484782513231039e-05
5.425597191788256168e-05
7.540997467003762722e-05
4.978146898793056607e-05
6.484014738816767931e-05
5.420147499535232782e-05
5.956163295195437968e-05
5.228160080150701106e-05
6.408536864910274744e-05
6.419942656066268682e-05
5.427256110124289989e-05
6.886358460178598762e-05
6.074070915929041803e-05
7.359121082117781043e-05
1.430539850844070315e-04
6.446862244047224522e-05
7.787684444338083267e-05
5.699490066035650671e-05
6.310342723736539483e-05
5.892744957236573100e-05
7.677107350900769234e-05
7.690804341109469533e-05
7.692325016250833869e-05
6.866838521091267467e-05
5.689656245522201061e-05
4.906904723611660302e-05
5.942902498645707965e-05
5.884054917260073125e-05
4.300512955524027348e-05
6.582406786037608981e-05
5.530243652174249291e-05
1.464374922215938568e-02
7.474278390873223543e-05
6.601186032639816403e-05
5.258695455268025398e-05
4.344917033449746668e-05
6.988328823354095221e-05
8.568145858589559793e-05
7.464950613211840391e-05
6.417704571504145861e-05
1.810883113648742437e-04
6.640957872150465846e-05
6.310517346719279885e-05
4.660573176806792617e-05
5.217839861870743334e-05
7.053770241327583790e-05
7.947447011247277260e-05
5.822867751703597605e-05
5.229944363236427307e-04
5.847724241903051734e-05
6.298236257862299681e-05
6.942974869161844254e-05
8.846932178130373359e-05
8.783119119470939040e-05
6.857447442598640919e-05
6.218030466698110104e-05
6.821997521910816431e-05
8.626022463431581855e-05
7.892106805229559541e-05
8.215830894187092781e-05
6.843654409749433398e-05
6.184358062455430627e-05
6.783456046832725406e-05
8.766430255491286516e-05
6.790737097617238760e-05
5.447188232210464776e-05
6.414333620341494679e-05
7.408508827211335301e-05
7.729101344011723995e-05
1.310709025710821152e-02
6.487056816695258021e-05
5.587142732110805809e-05
5.690656325896270573e-05
6.717180804116651416e-05
6.482245953520759940e-05
8.457365765934810042e-05
7.856982847442850471e-05
7.745797483948990703e-05
7.982501847436651587e-05
6.597013270948082209e-05
7.497252954635769129e-05
6.447743362514302135e-05
7.221628038678318262e-05
8.533132495358586311e-05
6.934945849934592843e-05
7.551215821877121925e-05
7.551215821877121925e-05
5.948940815869718790e-05
3.713853948283940554e-04
6.386754103004932404e-05
5.936217712587676942e-05
7.291800284292548895e-05
6.095014032325707376e-05
6.573902646778151393e-05
6.844237941550090909e-05
4.537259519565850496e-05
6.081096216803416610e-05
6.036803461029194295e-05
4.738832067232578993e-04
4.857131352764554322e-05
4.677503238781355321e-05
6.689287693006917834e-05
6.312072218861430883e-05
8.093661745078861713e-05
2.939451660495251417e-04
6.501165626104921103e-05
8.026470459299162030e-05
2.666771761141717434e-04
5.960272756055928767e-05
4.306697883293963969e-05
6.452439265558496118e-05
7.340322918025776744e-05
7.039135380182415247e-05
6.675656914012506604e-05
3.727619332494214177e-05
5.821173544973134995e-05
7.560134690720587969e-05
6.903058965690433979e-05
4.993987386114895344e-05
8.676764264237135649e-05
6.728662265231832862e-05
1.789717789506539702e-04
1.665335148572921753e-04
1.455230917781591415e-02
8.238031296059489250e-05
6.793234933866187930e-05
6.480402080342173576e-04
6.895187834743410349e-05
6.805040902690961957e-05
7.034825830487534404e-05
5.827869608765468001e-05
6.503309123218059540e-05
6.632147415075451136e-05
6.314576603472232819e-05
6.551161059178411961e-04
8.007035648915916681e-05
6.072302130633033812e-05
9.807296737562865019e-05
4.829187309951521456e-05
8.648190123494714499e-05
4.133153197471983731e-05
7.526918489020317793e-05
5.795195829705335200e-05
4.338617873145267367e-05
5.668415178661234677e-05
8.850562880979850888e-05
7.207866292446851730e-05
3.977319647674448788e-05
4.393502604216337204e-05
4.103743776795454323e-05
5.568639971897937357e-05
7.729652861598879099e-05
6.111085531301796436e-05
6.927916547283530235e-05
6.492386455647647381e-05
7.175803330028429627e-05
6.687986751785501838e-05
5.497054371517151594e-05
6.093965930631384254e-05
7.324865873670205474e-05
6.806547025917097926e-05
6.935675628483295441e-05
8.943304419517517090e-05
8.786567195784300566e-05
6.200958887347951531e-05
8.116648677969351411e-05
7.338568684644997120e-05
8.847390563460066915e-05
5.607813363894820213e-05
8.047009032452479005e-05
4.871070268563926220e-05
2.856737410183995962e-04
5.011276152799837291e-05
4.026420356240123510e-05
6.550305261043831706e-05
3.260955054429359734e-05
4.476483809412457049e-05
6.314395432127639651e-05
7.572116010123863816e-05
5.425374547485262156e-05
3.246554479119367898e-05
4.037874896312132478e-05
6.426637264667078853e-05
8.267173689091578126e-05
1.875199005007743835e-02
8.630575030110776424e-05
7.071503932820633054e-05
7.136465137591585517e-05
8.121321297949180007e-05
4.870019984082318842e-05
5.784078166470862925e-05
4.401212572702206671e-05
4.205904406262561679e-05
6.188395491335541010e-05
4.315111800679005682e-05
4.902637010673061013e-05
6.404364830814301968e-05
6.226030382094904780e-05
7.313118112506344914e-05
5.843647522851824760e-05
8.254384010797366500e-05
5.130069985170848668e-05
7.368706428678706288e-05
6.585096707567572594e-05
5.156989209353923798e-05
5.873965346836484969e-05
5.875000715604983270e-05
4.336759957368485630e-05
4.279397398931905627e-05
5.617754140985198319e-05
6.283705442911013961e-05
7.037397153908386827e-05
6.171270797494798899e-05
4.847789750783704221e-05
4.771411113324575126e-05
8.647193317301571369e-05
7.372823165496811271e-05
6.686719279969111085e-05
7.805002678651362658e-05
5.427903306554071605e-05
6.013627717038616538e-05
5.665347634931094944e-05
5.885979044251143932e-05
5.390221122070215642e-05
5.275886360323056579e-05
4.962589082424528897e-05
5.941283234278671443e-05
4.133625770919024944e-05
6.612906872760504484e-05
5.286566738504916430e-05
5.942459392827004194e-05
3.283054684288799763e-05
7.089744030963629484e-05
5.608155697700567544e-05
5.470555697684176266e-05
2.065263106487691402e-04
4.898936094832606614e-05
4.555563646135851741e-05
7.465690578101202846e-05
4.202554555376991630e-05
7.547187124146148562e-05
7.485039532184600830e-05
7.545584958279505372e-05
5.268271706881932914e-05
5.475406942423433065e-05
4.940541111864149570e-05
4.534819890977814794e-05
5.634993794956244528e-05
7.110180013114586473e-05
4.341223029769025743e-05
6.392932846210896969e-05
4.851608173339627683e-05
5.321495336829684675e-05
8.649825031170621514e-05
5.576964395004324615e-05
4.037696635350584984e-05
1.033846710924990475e-04
5.206891000852920115e-05
6.637634214712306857e-05
4.278748383512720466e-05
6.172023859107866883e-05
4.050574352731928229e-05
4.307441849960014224e-05
8.092501957435160875e-05
7.004846702329814434e-05
5.779168714070692658e-05
8.736694871913641691e-05
2.709012478590011597e-04
2.911243820562958717e-03
5.382961899158544838e-05
4.957647615810856223e-05
4.025692396680824459e-05
4.577414802042767406e-05
6.081751780584454536e-05
5.057505040895193815e-05
3.538068995112553239e-05
5.873855479876510799e-05
8.580311987316235900e-05
6.291135650826618075e-05
5.507999958354048431e-05
6.342749111354351044e-05
5.911467451369389892e-05
6.672988092759624124e-05
7.165359420469030738e-05
5.948347097728401423e-05
5.940598566667176783e-05
5.491074989549815655e-05
4.755720510729588568e-05
3.191321957274340093e-05
4.924304812448099256e-05
6.311353354249149561e-05
4.973297836841084063e-05
8.195676491595804691e-05
5.134504317538812757e-05
6.459541327785700560e-05
6.438133277697488666e-05
5.570541907218284905e-05
5.531841816264204681e-05
7.014966104179620743e-05
6.593848229385912418e-05
5.994035382173024118e-05
5.177318234927952290e-05
4.696601899922825396e-05
6.343232234939932823e-05
5.435414277599193156e-05
6.583349022548645735e-05
6.618435145355761051e-05
5.851977402926422656e-05
3.212039518984965980e-05
6.464594480348750949e-05
4.648308095056563616e-05
6.795932131353765726e-05
6.019915599608793855e-05
5.715042425435967743e-05
5.667051664204336703e-05
1.040740826283581555e-04
6.351990305120125413e-05
6.351990305120125413e-05
7.007926615187898278e-05
3.827910404652357101e-05
4.893147706752642989e-05
6.998828030191361904e-05
5.241002872935496271e-05
6.291822501225396991e-05
6.401324208127334714e-05
7.870802801335230470e-05
6.590993871213868260e-05
8.827117562759667635e-05
8.468815940432250500e-05
4.765009362017735839e-05
5.990593854221515357e-05
6.685618427582085133e-05
5.163425157661549747e-05
7.433225255226716399e-05
5.586839688476175070e-05
4.508348865783773363e-05
4.315593105275183916e-05
4.173437264398671687e-05
5.851384412380866706e-05
5.323601726558990777e-05
4.500295472098514438e-05
1.205292719532735646e-04
5.952523133601062000e-05
6.391004717443138361e-05
6.244337419047951698e-05
5.564397724810987711e-05
5.552602306124754250e-05
4.614521822077222168e-05
8.192766108550131321e-05
1.274879468837752938e-04
4.808872472494840622e-05
6.012006633682176471e-05
6.113909330451861024e-05
4.327118585933931172e-05
5.475226498674601316e-05
6.840681453468278050e-05
8.810641156742349267e-05
6.341037078527733684e-05
5.819693978992290795e-05
8.509423059877008200e-05
7.991166785359382629e-05
5.474296631291508675e-05
5.874566704733297229e-05
4.760480078402906656e-05
4.897066901321522892e-05
8.162907761288806796e-05
8.147530024871230125e-05
4.282986992620863020e-05
7.984448893694207072e-05
4.983673352398909628e-05
4.010043994640000165e-05
4.143726255279034376e-05
5.763936496805399656e-05
6.853809463791549206e-05
7.375142013188451529e-05
7.985415140865370631e-05
8.839418296702206135e-05
6.912543176440522075e-05
7.303588790819048882e-05
6.884719914523884654e-05
5.759748091804794967e-05
8.006241114344447851e-05
8.006241114344447851e-05
7.301862933672964573e-05
4.797249494004063308e-05
4.797212386620230973e-05
4.588470983435399830e-05
4.775084016728214920e-05
5.863648402737453580e-05
6.430345820263028145e-05
6.791293708374723792e-05
4.974775583832524717e-05
6.696245691273361444e-05
4.857375824940390885e-05
6.330762698780745268e-05
7.395965076284483075e-05
6.344986468320712447e-05
4.771368185174651444e-05
5.008560037822462618e-05
5.903076089452952147e-05
6.057406062609516084e-05
4.908566552330739796e-05
5.017203875468112528e-05
4.421015546540729702e-05
7.486008689738810062e-05
8.195223199436441064e-05
7.557382195955142379e-05
6.524200580315664411e-05
5.938878166489303112e-05
5.997176049277186394e-05
6.389026384567841887e-05
6.463355384767055511e-05
4.854919461649842560e-05
7.441978232236579061e-05
6.067329377401620150e-05
7.843432831577956676e-05
8.628457726445049047e-05
5.529905683943070471e-05
8.001087553566321731e-05
7.537945202784612775e-05
4.475031528272666037e-05
4.955545227858237922e-05
5.678852176060900092e-05
6.150708941277116537e-05
6.591796409338712692e-05
4.646532397600822151e-05
6.358172686304897070e-05
5.804555257782340050e-05
6.365499575622379780e-05
6.674924952676519752e-05
5.154923564987257123e-05
9.877642878564074636e-05
8.790648280410096049e-05
1.470939023420214653e-04
4.439651820575818419e-05
8.790395077085122466e-05
8.240379975177347660e-05
7.104496762622147799e-05
5.592307206825353205e-05
5.017430521547794342e-05
6.485758785856887698e-05
7.457719038939103484e-05
7.449251279467716813e-05
6.110057438490912318e-05
6.706473504891619086e-05
5.297345342114567757e-05
6.708455475745722651e-05
6.013475824147462845e-03
8.488897583447396755e-05
4.416041338117793202e-05
5.477181548485532403e-05
5.818938370794057846e-05
4.547161734080873430e-05
6.231230509001761675e-05
1.870030246209353209e-04
5.875266288057900965e-05
3.780052938964217901e-04
6.133577699074521661e-05
5.880311437067575753e-05
4.796903158421628177e-05
4.412734051584266126e-05
8.801688818493857980e-05
4.944989632349461317e-05
6.828051846241578460e-05
7.746893970761448145e-05
7.373704283963888884e-05
7.146679126890376210e-05
4.954212636221200228e-05
6.621041393373161554e-05
5.949064143351279199e-05
5.688650708179920912e-05
7.732225640211254358e-05
8.836184133542701602e-05
5.822537059430032969e-05
5.088494071969762444e-05
6.742855475749820471e-05
5.952619903837330639e-05
4.976572017767466605e-05
5.020631215302273631e-05
6.785667937947437167e-05
5.460186002892442048e-05
4.957422424922697246e-05
4.848370372201316059e-05
5.495169170899316669e-05
5.494613651535473764e-05
5.031856926507316530e-05
5.957884422969073057e-05
7.518047641497105360e-05
6.168872641865164042e-05
4.796424400410614908e-05
5.213730037212371826e-05
7.393901614705100656e-05
7.863120845286175609e-05
5.295924711390398443e-05
4.404465653351508081e-05
4.694984454545192420e-05
6.331651093205437064e-05
5.350995343178510666e-05
6.418826524168252945e-05
6.027443669154308736e-05
6.501637108158320189e-05
5.738500476581975818e-05
4.938265919918194413e-05
7.895161979831755161e-05
6.150368426460772753e-05
7.376215944532305002e-05
6.581096386071294546e-05
6.685429252684116364e-05
4.364529377198778093e-05
7.454856677213683724e-05
5.052820415585301816e-05
6.676953489659354091e-05
5.381922892411239445e-05
5.024405982112511992e-05
4.025347152492031455e-05
3.810747512034140527e-05
1.097101194318383932e-04
7.619491952937096357e-05
4.799078305950388312e-05
6.397364631993696094e-05
6.404238229151815176e-05
6.410270725609734654e-05
5.043935743742622435e-05
4.885378075414337218e-05
7.794078555889427662e-05
6.296223000390455127e-05
7.007327076280489564e-05
6.591289275093004107e-05
9.168732503894716501e-05
6.032572127878665924e-05
5.258033706923015416e-05
1.036087342072278261e-04
8.770020212978124619e-05
8.770565909799188375e-05
6.733099144184961915e-05
5.550578862312249839e-05
5.571270594373345375e-05
5.547173350350931287e-05
8.943942521000280976e-05
6.321517867036163807e-05
5.973353108856827021e-05
1.034023880492895842e-04
8.776765753282234073e-05
6.389362533809617162e-05
5.527916800929233432e-05
7.067197293508797884e-05
8.942573185777291656e-05
6.568195385625585914e-05
5.040015821577981114e-05
6.077306534280069172e-05
4.288024501875042915e-05
5.145510294823907316e-05
6.784735160181298852e-05
6.145183579064905643e-05
4.823875497095286846e-05
7.265713065862655640e-05
6.621970533160492778e-05
7.397820445476099849e-05
8.940831321524456143e-05
8.817489288048818707e-05
8.942112617660313845e-05
7.162187102949246764e-05
7.189147436292842031e-05
7.405917131109163165e-05
3.622403892222791910e-05
5.552259972319006920e-05
6.346386362565681338e-05
7.693117368035018444e-05
5.786901238025166094e-05
6.699166988255456090e-05
5.797170524601824582e-05
5.577259798883460462e-05
6.230771396076306701e-05
7.821431063348427415e-05
6.144180224509909749e-05
7.311985973501577973e-05
7.434128201566636562e-05
5.378886271500959992e-05
6.028116331435739994e-05
5.739516927860677242e-05
8.167226042132824659e-05
5.668753874488174915e-05
4.780319432029500604e-05
4.548388096736744046e-05
6.289107841439545155e-05
5.475869693327695131e-05
3.771698800846934319e-03
6.000257781124673784e-05
5.225671702646650374e-05
5.426965071819722652e-05
4.887372779194265604e-05
7.557407661806792021e-05
8.198259456548839808e-05
6.922981265233829618e-05
6.547196971951052547e-05
6.447880150517448783e-05
6.613603909499943256e-05
8.656256977701559663e-05
7.476158498320728540e-05
8.347156108357012272e-05
8.212430839193984866e-05
5.742960274801589549e-05
6.018694693921133876e-05
6.463931640610098839e-05
8.074111974565312266e-05
4.989124499843455851e-05
5.184103429201059043e-05
6.618440966121852398e-05
7.547707355115562677e-05
5.765864261775277555e-05
7.144304981920868158e-05
6.175152520881965756e-05
5.200157102080993354e-05
7.598564116051420569e-05
1.003338620648719370e-04
5.900618998566642404e-05
6.557818414876237512e-05
8.795259782345965505e-05
5.873782356502488256e-05
6.812116043874993920e-05
5.858610893483273685e-05
6.364373257383704185e-05
4.287200135877355933e-05
8.600280125392600894e-05
6.239177309907972813e-05
4.202550189802423120e-05
5.820861770189367235e-05
6.343275163089856505e-05
5.986470932839438319e-05
6.234947795746847987e-05
7.379061571555212140e-05
7.611663022544234991e-05
6.264988041948527098e-05
8.000389789231121540e-05
5.884584243176504970e-05
6.255779589992016554e-05
6.149023101897910237e-05
6.331400800263509154e-05
5.547434921027161181e-05
6.590336852241307497e-05
4.982351310900412500e-05
7.894728332757949829e-05
4.412966882227919996e-05
5.994885577820241451e-05
3.768336682696826756e-05
6.300387758528813720e-05
6.344878056552261114e-05
6.609569391002878547e-05
4.938824349665082991e-05
4.001003981102257967e-05
5.957745815976522863e-05
6.263441900955513120e-05
5.419940862338989973e-05
6.033855606801807880e-05
5.312045686878263950e-05
5.903222699998877943e-05
4.917740079690702260e-05
4.904199522570706904e-05
2.975437964778393507e-04
7.902937068138271570e-05
5.436236460809595883e-05
8.790958236204460263e-05
5.525790038518607616e-05
4.256119791534729302e-05
5.617583155981265008e-05
5.451983452076092362e-05
8.622949826531112194e-05
6.059876614017412066e-05
5.620300726150162518e-05
6.316534563666209579e-05
8.962064021034166217e-05
8.628670184407383204e-05
6.996110460022464395e-05
8.777717448538169265e-05
3.458332503214478493e-05
5.903895726078189909e-05
8.897492807591333985e-05
8.792835433268919587e-05
6.271602615015581250e-05
5.648369551636278629e-05
6.171120912767946720e-05
8.936043013818562031e-05
5.991144280415028334e-05
7.733914389973506331e-05
6.391840724973008037e-05
7.918676419649273157e-05
5.986992982798255980e-05
4.829191675526089966e-05
6.550816760864108801e-05
5.272332782624289393e-05
5.835603224113583565e-05
7.106440170900896192e-05
8.957296086009591818e-05
7.731322693871334195e-05
7.352457032538950443e-05
8.790638821665197611e-05
5.923392745899036527e-05
6.461144221248105168e-05
6.046595080988481641e-05
6.802566349506378174e-05
6.255584594327956438e-05
6.306549767032265663e-05
4.901425563730299473e-05
6.156311428640037775e-05
6.802529242122545838e-05
7.214403740363195539e-05
5.657926885760389268e-05
7.512817683164030313e-05
6.936673889867961407e-05
6.314912752714008093e-05
6.319810927379876375e-05
7.132765313144773245e-05
6.595476588699966669e-05
5.174177204025909305e-05
6.010655852151103318e-05
5.866695209988392889e-05
5.337895345292054117e-05
6.026609480613842607e-05
6.659915379714220762e-05
7.696156535530462861e-05
5.952902938588522375e-05
4.996450297767296433e-05
5.389804209698922932e-05
6.810377090005204082e-05
5.543061342905275524e-05
3.841374928015284240e-05
6.585889786947518587e-05
5.644370685331523418e-05
6.699827645206823945e-05
7.302012818399816751e-05
4.742447708849795163e-05
4.735877882922068238e-05
8.028382580960169435e-05
4.965691550751216710e-05
6.448417116189375520e-05
4.977060962119139731e-05
6.685662083327770233e-05
6.982180639170110226e-05
6.535022112075239420e-05
6.541424227179959416e-05
6.528913218062371016e-05
8.772574074100703001e-05
6.336894148262217641e-05
6.596933963010087609e-05
8.217546564992517233e-05
6.710047455271705985e-05
7.425720104947686195e-05
5.864219201612286270e-05
8.348678238689899445e-05
6.415418465621769428e-05
6.618919724132865667e-05
2.373296447331085801e-04
6.299198867054656148e-05
7.375456334557384253e-05
5.936996967648155987e-05
7.163258851505815983e-05
7.958317291922867298e-05
4.848206299357116222e-05
4.746719787362962961e-05
7.507901318604126573e-05
8.656128920847550035e-05
6.378079706337302923e-05
6.789148756070062518e-05
6.508546357508748770e-05
7.183110713958740234e-02
6.264144030865281820e-05
6.943781045265495777e-05
7.188080053310841322e-05
5.775941826868802309e-05
4.569636439555324614e-05
6.807370664319023490e-05
7.790792733430862427e-05
6.942579057067632675e-05
6.940082676010206342e-05
5.628056169371120632e-05
6.816665700171142817e-05
7.091481529641896486e-05
7.447875395882874727e-05
4.457133763935416937e-05
8.092962525552138686e-05
7.885777449700981379e-05
6.838828267063945532e-05
4.560152592603117228e-05
3.747287337318994105e-05
4.215028093312866986e-05
8.901019464246928692e-05
7.311133958864957094e-05
4.909590643364936113e-05
6.636308535235002637e-05
7.744959293631836772e-05
5.995264655211940408e-05
6.317666702670976520e-05
5.577304909820668399e-05
6.399902486009523273e-05
8.360474748769775033e-05
2.415528288111090660e-04
8.441417594440281391e-05
5.844177576364018023e-05
5.238402081886306405e-05
5.223841071710921824e-05
7.494753663195297122e-05
5.798552956548519433e-05
6.558142922585830092e-05
6.399145786417648196e-05
5.016513387090526521e-05
6.392555951606482267e-05
5.955869710305705667e-05
5.960234193480573595e-05
6.846767064416781068e-05
5.944404620095156133e-05
5.510293703991919756e-05
6.783600110793486238e-05
6.046079943189397454e-05
6.394681258825585246e-05
5.314257577992975712e-05
6.607066461583599448e-05
5.978883928037248552e-05
6.620491330977529287e-05
6.431244401028379798e-05
6.847767508588731289e-05
6.159083568491041660e-05
5.820206934004090726e-05
3.737725273822434247e-05
6.633302109548822045e-05
6.731777830282226205e-05
6.734657654305920005e-05
7.488801202271133661e-05
5.888495070394128561e-05
5.848552245879545808e-05
6.014585233060643077e-05
5.086624514660798013e-05
5.189305011299438775e-05
6.577008025487884879e-05
7.740760338492691517e-05
6.955370190553367138e-05
5.231992690823972225e-05
7.903922960394993424e-05
6.054600453353486955e-05
5.962584691587835550e-05
5.977142791380174458e-05
5.686618169420398772e-05
5.138861160958185792e-05
6.953252159291878343e-05
6.044416295480914414e-05
6.049801595509052277e-05
6.018022031639702618e-05
5.180257358006201684e-05
5.154390964889898896e-05
5.282827987684868276e-05
6.621713691856712103e-05
3.272446701885201037e-05
5.045709986006841063e-05
5.252661503618583083e-05
5.262604099698364735e-05
3.569537875591777265e-05
5.206387868383899331e-05
7.495114550692960620e-05
5.673338455380871892e-05
4.911232826998457313e-05
4.771956446347758174e-05
5.152332232682965696e-05
7.536991324741393328e-05
5.494531433214433491e-05
7.595196075271815062e-05
4.632252239389345050e-05
7.494685996789485216e-05
8.493603672832250595e-05
5.271458576316945255e-05
7.424074283335357904e-05
4.348195943748578429e-05
4.989178705727681518e-05
7.510441355407238007e-05
5.115093154017813504e-05
5.010816312278620899e-05
6.672499876003712416e-05
5.237047662376426160e-05
5.374702232074923813e-05
4.882637222181074321e-05
5.912478081881999969e-05
7.268913759617134929e-05
5.012558176531456411e-05
4.738730058306828141e-05
4.825848736800253391e-05
4.876617094851098955e-05
4.590288881445303559e-05
8.264930511359125376e-05
4.591808465193025768e-05
7.434484723489731550e-05
8.112270734272897243e-05
9.113281703321263194e-05
7.804568303981795907e-05
6.467899220297113061e-05
6.322397530311718583e-05
5.073689317214302719e-05
5.381127266446128488e-05
5.939298353041522205e-05
6.831064092693850398e-05
7.279285637196153402e-05
7.541800005128607154e-05
5.996899926685728133e-05
7.761680171824991703e-05
6.867192860227078199e-05
4.098121076822280884e-03
6.523233605548739433e-05
6.523233605548739433e-05
5.659153248416259885e-05
6.386816676240414381e-05
6.484201730927452445e-05
8.088960748864337802e-05
4.898353290627710521e-05
4.904849265585653484e-05
6.405841850209981203e-05
6.407633190974593163e-05
7.436408486682921648e-05
9.412586223334074020e-05
4.774930130224674940e-05
6.637548358412459493e-05
9.075189154827967286e-05
5.828124267281964421e-05
8.593423990532755852e-05
8.165845792973414063e-05
5.302120189298875630e-05
5.822266030008904636e-05
5.325055099092423916e-05
6.083248445065692067e-05
5.507747846422716975e-05
7.714630919508635998e-05
7.487793482141569257e-05
6.381994171533733606e-05
4.037216785945929587e-05
6.376414239639416337e-05
6.380809645634144545e-05
4.316994818509556353e-05
4.113371687708422542e-05
4.273552622180432081e-05
5.806130502605810761e-05
1.110795565182343125e-04
7.271043432410806417e-05
6.396271055564284325e-05
6.636682519456371665e-05
5.627045538858510554e-05
8.781927317613735795e-05
5.615301051875576377e-05
4.401361002237536013e-05
6.632007716689258814e-05
7.279984856722876430e-05
4.834472201764583588e-05
3.840720819425769150e-05
6.305162969511002302e-05
6.523206684505566955e-05
4.753929533762857318e-05
6.199379276949912310e-05
6.585975643247365952e-05
7.371591345872730017e-05
5.006341234548017383e-05
3.513038973324000835e-05
6.006648254697211087e-05
5.765665991930291057e-05
3.159596963087096810e-05
6.282323010964319110e-05
6.036347986082546413e-05
8.143659943016245961e-05
5.926898302277550101e-05
5.935422450420446694e-05
4.936867844662629068e-05
6.513596599688753486e-05
5.031063483329489827e-05
5.122493894305080175e-05
5.769109338871203363e-05
7.519130303990095854e-05
5.054278153693303466e-05
4.423064456204883754e-05
4.861877823714166880e-05
5.454166603158228099e-05
8.502702985424548388e-05
5.598025745712220669e-05
4.516202534432522953e-05
6.261336966417729855e-05
8.669908129377290606e-05
4.496284964261576533e-05
7.004881626926362514e-05
6.701834354316815734e-05
7.554578769486397505e-05
6.605473026866093278e-05
5.370645158109255135e-05
6.709688022965565324e-05
3.915816705557517707e-05
6.129418761702254415e-05
5.797130506834946573e-05
6.469292566180229187e-05
6.340266554616391659e-05
6.862371810711920261e-05
5.307606988935731351e-05
4.285931936465203762e-05
5.221914034336805344e-05
5.533795410883612931e-05
7.464911323040723801e-05
6.365875742631033063e-05
4.772244938067160547e-05
5.226494613452814519e-05
6.459640280809253454e-05
8.122308645397424698e-05
4.724299651570618153e-05
7.491304859286174178e-05
5.933204374741762877e-05
5.104814772494137287e-05
6.456768460338935256e-05
6.687406130367890000e-05
6.270292942645028234e-05
6.740869139321148396e-05
5.450579556054435670e-05
6.426822801586240530e-05
8.783428347669541836e-05
7.658539834665134549e-05
6.937466969247907400e-05
8.790213905740529299e-05
8.790213905740529299e-05
8.021840039873495698e-05
5.165369293536059558e-05
6.611100252484902740e-05
7.278296106960624456e-05
4.461923526832833886e-05
5.090400372864678502e-05
6.567699165316298604e-05
5.517329918802715838e-05
6.686221604468300939e-05
5.361813600757159293e-05
4.685592648456804454e-05
7.303126039914786816e-05
6.429149652831256390e-05
8.108949259622022510e-05
7.254638330778107047e-05
4.454675581655465066e-05
4.071702278451994061e-05
3.762429332709871233e-05
7.366773934336379170e-05
9.564009087625890970e-05
6.495198613265529275e-05
5.942266943748109043e-05
5.941770359640941024e-05
4.723656093119643629e-05
6.713339826092123985e-05
8.785392856225371361e-05
5.020762182539328933e-05
6.515991117339581251e-05
5.894891364732757211e-05
7.489201379939913750e-05
7.785794150549918413e-05
6.567038508364930749e-05
5.969744961475953460e-05
5.838710058014839888e-05
5.316768510965630412e-05
8.009771408978849649e-05
4.965905100107192993e-05
6.375471275532618165e-05
8.508377504767850041e-05
8.508377504767850041e-05
5.872232577530667186e-05
8.344015077454969287e-05
8.344015077454969287e-05
5.115574458613991737e-05
5.454521306091919541e-05
6.515633140224963427e-05
6.317171209957450628e-05
4.424246799317188561e-05
6.436407420551404357e-05
5.910951222176663578e-05
7.171278411988168955e-05
4.974140028934925795e-05
6.267125718295574188e-05
6.258326902752742171e-05
4.833031925954855978e-05
6.457146082539111376e-05
6.491538806585595012e-05
7.368276419583708048e-05
7.840161561034619808e-05
5.829587826156057417e-05
5.827718996442854404e-05
6.660194776486605406e-05
4.504968819674104452e-05
6.831924838479608297e-05
6.296165520325303078e-05
7.753783575026318431e-05
6.214041786734014750e-05
6.025752736604772508e-05
5.964008960290811956e-05
8.848687139106914401e-05
8.099777915049344301e-05
6.504368502646684647e-05
6.385636515915393829e-05
6.495927664218470454e-05
7.215490768430754542e-05
6.150777335278689861e-05
6.148054671939462423e-05
5.331613283487968147e-05
4.787660145666450262e-05
5.324891390046104789e-05
6.365149602061137557e-05
5.925332879996858537e-05
5.352916559786535800e-05
8.081086707534268498e-05
7.792323594912886620e-05
7.793363329255953431e-05
7.995392661541700363e-05
7.966309203766286373e-05
4.866016388405114412e-05
5.996816980768926442e-05
4.934465687256306410e-05
6.379652768373489380e-05
4.584547423291951418e-05
7.800408639013767242e-05
6.353447679430246353e-05
5.468225208460353315e-05
5.395983680500648916e-05
4.567078212858177722e-05
4.649434777093119919e-05
6.123972707428038120e-05
6.083995685912668705e-05
6.444667087635025382e-05
6.278586806729435921e-05
6.407019100151956081e-05
6.987541564740240574e-05
6.334298086585476995e-05
6.780385592719540000e-05
8.769911073613911867e-05
5.829408837598748505e-05
5.829412111779674888e-05
6.195667083375155926e-05
4.967417044099420309e-05
7.620811084052547812e-05
8.687059016665443778e-05
4.755571717396378517e-05
6.375616794684901834e-05
6.426326581276953220e-05
5.183331086300313473e-05
4.343076579971238971e-05
7.992855535121634603e-05
6.494924309663474560e-05
5.824778418173082173e-05
5.819976286147721112e-05
5.827367567690089345e-05
6.367827882058918476e-05
6.607622344745323062e-05
5.719585897168144584e-05
5.690877878805622458e-05
6.063812179490923882e-05
6.416111136786639690e-05
7.946725963847711682e-05
6.176216265885159373e-05
8.787612750893458724e-05
8.784951205598190427e-05
8.780892676440998912e-05
3.721351822605356574e-05
5.031239925301633775e-05
5.090493868920020759e-05
5.011693792766891420e-05
6.954612763365730643e-05
7.704042945988476276e-05
7.115068001439794898e-05
4.114945841138251126e-05
5.996784238959662616e-05
7.607969746459275484e-05
5.536629032576456666e-05
5.542551662074401975e-05
5.572933514486066997e-05
5.020965545554645360e-05
7.094412285368889570e-05
7.122548413462936878e-05
5.120674177305772901e-05
4.937868288834579289e-05
6.361337727867066860e-05
6.319969543255865574e-05
6.649064744124189019e-05
4.564857226796448231e-05
5.090164995635859668e-05
5.071508348919451237e-05
7.795346027705818415e-05
8.218161383410915732e-05
6.675613985862582922e-05
6.607858085772022605e-05
8.651973621454089880e-05
5.871706525795161724e-05
8.416910714004188776e-05
4.258808257873170078e-05
5.947953832219354808e-05
7.174344500526785851e-05
5.573736780206672847e-05
5.000293094781227410e-05
4.962305320077575743e-05
5.005497223464772105e-05
4.796252687810920179e-05
4.766921847476623952e-05
5.839385630679316819e-05
5.421852620202116668e-05
6.958693120395764709e-05
5.691897604265250266e-05
5.928765676799230278e-05
8.278065797640010715e-05
5.697653250535950065e-05
4.788743171957321465e-05
6.318779924185946584e-05
6.392741488525643945e-05
5.272170164971612394e-05
6.368146569002419710e-05
6.038566425559110940e-05
4.833352068089880049e-05
5.873764166608452797e-05
6.662306259386241436e-05
8.735359733691439033e-05
4.828819510294124484e-05
6.476401176769286394e-05
5.180924927117303014e-05
6.158154428703710437e-05
6.237618799787014723e-05
4.252517101122066379e-05
4.792615436599589884e-05
8.091640484053641558e-05
4.899572377325966954e-05
6.612009747186675668e-05
5.515291195479221642e-05
5.856799180037342012e-05
8.969338377937674522e-04
5.849650915479287505e-05
9.546516957925632596e-05
4.915370300295762718e-05
4.995478229830041528e-05
7.803169137332588434e-05
8.319847984239459038e-05
5.786691326647996902e-05
7.482701767003163695e-05
7.257372635649517179e-05
6.801398558309301734e-05
6.244538963073864579e-05
5.897583105252124369e-05
6.340276740957051516e-05
6.545670476043596864e-05
5.954598964308388531e-05
6.576507439604029059e-05
6.962657789699733257e-05
4.183326382189989090e-05
1.243780861841514707e-04
4.829288081964477897e-05
6.087489236961118877e-05
5.207195135881192982e-05
5.446115028462372720e-05
6.601544009754434228e-05
6.504517659777775407e-05
4.954377072863280773e-05
6.136584852356463671e-05
5.651292667607776821e-05
6.016956831444986165e-05
6.387604662450030446e-05
6.383704021573066711e-05
5.504397995537146926e-05
7.250199996633455157e-05
7.250199996633455157e-05
5.986330143059603870e-05
6.690975715173408389e-05
4.802459079655818641e-05
4.788527439814060926e-05
2.637627185322344303e-04
4.510423605097457767e-05
4.149649976170621812e-05
5.491431875270791352e-05
5.566672552959062159e-05
6.664374086540192366e-05
5.989615237922407687e-05
6.619982741540297866e-05
6.774343637516722083e-05
6.899808067828416824e-05
7.301836740225553513e-05
4.972882743459194899e-05
6.417170516215264797e-05
4.314241232350468636e-05
4.878889740211889148e-05
6.505307828774675727e-05
2.571819059085100889e-04
6.962291809031739831e-05
6.082273830543272197e-05
4.790593447978608310e-05
3.934216510970145464e-05
6.257418863242492080e-05
5.584587779594585299e-05
3.839032433461397886e-05
5.706091542378999293e-05
4.145402272115461528e-05
3.860798096866346896e-05
4.963732862961478531e-05
6.075848796172067523e-05
7.660657865926623344e-05
7.944770914036780596e-05
6.399259291356429458e-05
5.958426118013449013e-05
6.204813689691945910e-05
8.143852755893021822e-05
7.967326382640749216e-05
6.947833026060834527e-05
7.700298010604456067e-05
4.455891757970675826e-05
7.230111805256456137e-05
4.307038398110307753e-05
6.411578942788764834e-05
6.404787563951686025e-05
6.388293695636093616e-05
4.971087764715775847e-05
4.278909909771755338e-05
4.086574699613265693e-05
6.261586531763896346e-05
6.885195762151852250e-05
5.537269680644385517e-05
8.195663394872099161e-05
6.443364691222086549e-05
3.849004497169516981e-05
8.782810618868097663e-05
5.613275425275787711e-05
4.434243237483315170e-05
5.624725235975347459e-05
5.753008736064657569e-05
6.489326915470883250e-05
6.556283187819644809e-05
6.605903035961091518e-05
6.388619658537209034e-05
5.998977940180338919e-05
5.940229675616137683e-05
6.072604810469783843e-05
4.494453969527967274e-05
4.876243838225491345e-05
4.843365604756399989e-05
7.411405385937541723e-05
7.026717503322288394e-05
9.116745786741375923e-05
6.829240737715736032e-05
5.028749001212418079e-05
6.543877680087462068e-05
6.739278614986687899e-05
8.807678386801853776e-05
7.185413414845243096e-05
7.411253318423405290e-05
6.654064054600894451e-05
6.993339775362983346e-05
8.960407285485416651e-05
5.257706288830377162e-05
5.643525582854636014e-05
5.865833009011112154e-05
6.707049033138900995e-05
6.591414421563968062e-05
6.340568506857380271e-05
6.366615707520395517e-05
6.366863090079277754e-05
6.959681195439770818e-05
7.177176303230226040e-05
5.791881267214193940e-05
5.743302972405217588e-05
4.745840124087408185e-05
5.964436786598525941e-05
4.877783067058771849e-05
5.375328692025505006e-05
6.636894249822944403e-05
5.688069722964428365e-05
7.285605533979833126e-05
4.468799306778237224e-05
6.831553037045523524e-05
5.015535498387180269e-05
6.368254980770871043e-05
6.683096580673009157e-05
4.790766251971945167e-05
1.648874895181506872e-04
6.688824942102655768e-05
6.321226828731596470e-05
6.887654308229684830e-05
7.319217547774314880e-05
4.429775799508206546e-05
4.793540574610233307e-05
8.872555918060243130e-05
8.220072777476161718e-05
7.681932038394734263e-05
4.303884270484559238e-05
4.798167719854973257e-05
4.254821396898478270e-05
5.658215741277672350e-05
6.437696720240637660e-05
8.115052332868799567e-05
1.211520284414291382e-04
1.119135849876329303e-04
6.326009315671399236e-05
6.728028529323637486e-05
1.898469345178455114e-04
4.469022314879111946e-05
3.902587923221290112e-05
1.455554738640785217e-04
4.698089105659164488e-05
4.889965930487960577e-05
6.183298683026805520e-05
3.201641957275569439e-04
6.988602399360388517e-05
7.111753075150772929e-05
8.641488966532051563e-05
6.347945600282400846e-05
4.700889621744863689e-05
5.765087189502082765e-05
6.702509563183411956e-05
5.007907384424470365e-05
5.616639828076586127e-05
6.996678712312132120e-05
7.044123049126937985e-05
8.770643034949898720e-05
7.275093230418860912e-05
8.296624582726508379e-05
7.676785025978460908e-05
9.745285206008702517e-05
9.522058826405555010e-05
1.521931990282610059e-04
9.740372479427605867e-05
9.323269478045403957e-05
7.134187035262584686e-05
1.090518635464832187e-04
9.658130147727206349e-05
9.743038390297442675e-05
8.932956552598625422e-05
8.943423017626628280e-05
7.860954792704433203e-05
6.237492198124527931e-05
6.644176028203219175e-05
7.104526594048365951e-05
6.399402627721428871e-05
5.898103336221538484e-05
5.964055162621662021e-05
6.362515705404803157e-05
6.083857078920118511e-05
6.449316424550488591e-05
5.576978219323791564e-05
5.847454667673446238e-05
7.112079038051888347e-05
6.480774754891172051e-05
6.907262286404147744e-05
6.041177766746841371e-05
7.004959479672834277e-05
6.451203807955607772e-05
5.212469113757833838e-05
6.628962728427723050e-05
8.779181371210142970e-05
4.825131327379494905e-05
4.778652510140091181e-05
5.898397284909151495e-05
4.972674651071429253e-05
6.636250327574089170e-05
4.659246769733726978e-05
7.894761074567213655e-05
6.202995427884161472e-05
8.600652654422447085e-05
4.429098771652206779e-05
5.367135236156173050e-05
5.987668919260613620e-05
3.759501123568043113e-05
5.613254688796587288e-05
6.206113903317600489e-05
6.206145189935341477e-05
8.810398867353796959e-05
8.092678763205185533e-05
6.658008351223543286e-05
8.772200817475095391e-05
6.728136941092088819e-05
7.049684791127219796e-05
4.762413664138875902e-05
4.695607276516966522e-05
4.913137672701850533e-05
5.613510074908845127e-05
4.905533569399267435e-05
5.178116771276108921e-05
7.718330016359686852e-05
7.418178574880585074e-05
4.231981802149675786e-05
7.980534428497776389e-05
7.163781992858275771e-05
5.826236520078964531e-05
6.368413596646860242e-05
5.114219311508350074e-05
8.705854997970163822e-05
7.703516166657209396e-05
8.048638119362294674e-05
6.811865023337304592e-05
5.308754043653607368e-05
7.508369890274479985e-05
5.853076072526164353e-05
8.617976709501817822e-05
1.515814365120604634e-04
7.607440056744962931e-05
5.072621206636540592e-05
5.712838537874631584e-05
5.626284109894186258e-05
5.249707464827224612e-05
6.324188871076330543e-05
6.751243199687451124e-05
8.875389175955206156e-05
8.372779120691120625e-05
5.727487587137147784e-05
6.353534990921616554e-05
5.940272967563942075e-05
4.916122270515188575e-05
4.456801980268210173e-05
8.259164314949885011e-05
6.406222382793202996e-05
2.888498594984412193e-03
6.022188972565345466e-05
4.493537198868580163e-05
8.431668538833037019e-05
5.657894507749006152e-05
4.353708209237083793e-05
4.755118425237014890e-05
4.970049121766351163e-05
6.602048233617097139e-05
6.230091094039380550e-05
4.921497748000547290e-05
9.551922266837209463e-05
4.936823097523301840e-05
7.467146497219800949e-05
8.786998660070821643e-05
7.743935566395521164e-05
5.805266118841245770e-05
5.448825322673656046e-05
7.602228288305923343e-05
5.528394467546604574e-05
7.824304339010268450e-05
7.054548041196539998e-05
6.777492671972140670e-05
4.775594061356969178e-05
3.197086698492057621e-05
6.016430052113719285e-05
4.975511183147318661e-05
5.249250898486934602e-05
4.315626210882328451e-05
5.202765532885678113e-05
6.164433580124750733e-05
6.634787860093638301e-05
5.074472937849350274e-05
5.882708865101449192e-05
8.547362085664644837e-05
6.907433999003842473e-05
6.279271474340930581e-05
4.377414734335616231e-05
7.403032213915139437e-05
6.544133066199719906e-05
6.531785038532689214e-05
3.246030973969027400e-05
4.279370114090852439e-05
5.032119952375069261e-05
7.967840792844071984e-05
5.548134868149645627e-05
4.732244633487425745e-05
6.434111128328368068e-05
7.273536175489425659e-05
6.520983879454433918e-05
5.237950972514227033e-05
6.422588921850547194e-05
4.906869799015112221e-05
5.771466385340318084e-05
7.527138222940266132e-05
6.988771201577037573e-05
6.543780909851193428e-05
5.270816473057493567e-05
5.193136894376948476e-05
4.926410110783763230e-05
4.920720675727352500e-05
6.393298826878890395e-05
6.623628723900765181e-05
5.585983308264985681e-05
5.843083272338844836e-05
6.301134999375790358e-05
5.848305227118544281e-05
4.794713458977639675e-05
5.926088488195091486e-05
5.962918658042326570e-05
7.366828504018485546e-05
6.048366412869654596e-05
7.238135003717616200e-05
5.127219992573373020e-05
7.733629172435030341e-05
4.596662620315328240e-05
4.921779327560216188e-05
6.177230534376576543e-05
6.762566044926643372e-05
6.514745473396033049e-05
6.514745473396033049e-05
5.170762233319692314e-05
5.772833173978142440e-05
6.704757106490433216e-05
7.536985503975301981e-05
8.870941383065655828e-05
6.632284930674359202e-05
6.684656545985490084e-05
8.972083014668896794e-05
5.059881368651986122e-05
5.147303090780042112e-05
5.579917706199921668e-05
4.985634586773812771e-05
5.979937122901901603e-05
9.317988588009029627e-05
7.984545663930475712e-05
6.361278065014630556e-05
5.862108446308411658e-05
8.235468703787773848e-05
5.808519563288427889e-05
6.935070996405556798e-05
5.695697109331376851e-05
5.106536627863533795e-05
6.363901047734543681e-05
6.357047823257744312e-05
6.362013664329424500e-05
7.796028512530028820e-05
5.557231997954659164e-05
4.818988236365839839e-05
1.568939187563955784e-03
8.644504850963130593e-05
5.684642746928147972e-05
9.448381024412810802e-05
1.264177408302202821e-04
7.031198038021102548e-05
6.723787373630329967e-05
8.189270010916516185e-05
6.725726416334509850e-05
8.597473788540810347e-05
4.509431892074644566e-05
5.512153802555985749e-05
5.724350921809673309e-05
6.161827332107350230e-05
3.828021290246397257e-04
5.881387914996594191e-05
6.248289719223976135e-05
6.211975414771586657e-05
6.365653098328039050e-05
6.054695404600352049e-05
6.989094254095107317e-05
6.767574814148247242e-05
9.304173727286979556e-05
5.635558409267105162e-05
6.518395093735307455e-05
6.461173325078561902e-05
6.369321636157110333e-05
4.723788879346102476e-05
5.443859481601975858e-05
3.785995795624330640e-05
7.974593609105795622e-05
5.552407674258574843e-05
4.714566603070124984e-05
5.056371810496784747e-05
6.733060581609606743e-05
6.402828876161947846e-05
4.884390727966092527e-05
6.821130227763205767e-05
9.507642971584573388e-05
6.647603004239499569e-05
6.149717228254303336e-05
7.819497841410338879e-05
6.491243402706459165e-05
1.713207893772050738e-04
7.783465844113379717e-05
6.674728501820936799e-05
6.674728501820936799e-05
6.710270099574699998e-05
6.059711813577450812e-05
6.234853935893625021e-05
8.853361214278265834e-05
7.985288539202883840e-05
6.376324017765000463e-05
8.788566628936678171e-05
6.057776045054197311e-05
9.101341129280626774e-05
6.329941243166103959e-05
1.139685846283100545e-04
8.778745541349053383e-05
6.799396214773878455e-05
4.792817708221264184e-05
6.740032404195517302e-05
3.974042556365020573e-05
5.162269007996656001e-05
5.269593748380430043e-05
6.060613304725848138e-05
6.138014578027650714e-05
6.079028753447346389e-05
7.145738345570862293e-05
6.316973303910344839e-05
6.409173511201515794e-05
8.036491635721176863e-05
1.048312988132238388e-04
8.768332918407395482e-05
1.144663256127387285e-04
5.068549580755643547e-05
6.417082477128133178e-05
4.499116403167136014e-05
4.873607394983991981e-05
7.624501449754461646e-05
7.372134859906509519e-05
6.969089008634909987e-05
5.820639125886373222e-05
8.626760245533660054e-05
7.145776908146217465e-05
5.309778862283565104e-05
5.931616033194586635e-05
5.687680095434188843e-05
5.773788871010765433e-05
2.296345192007720470e-04
7.458560867235064507e-05
8.207952487282454967e-05
6.960793689358979464e-05
6.846972246421501040e-05
7.112089951988309622e-05
5.987881377222947776e-05
6.041246888344176114e-05
6.010387733113020658e-05
1.813004637369886041e-04
5.616875932901166379e-05
6.070474773878231645e-05
7.982201350387185812e-05
5.995824176352471113e-05
6.325558933895081282e-05
6.492472311947494745e-05
5.931717532803304493e-05
5.590778164332732558e-05
3.868261774186976254e-05
5.015097485738806427e-05
3.979507891926914454e-05
4.462063952814787626e-05
5.126864925841800869e-05
4.708530468633398414e-05
4.066138717462308705e-05
5.893909110454842448e-05
5.302542558638378978e-05
7.115591870388016105e-05
7.074262248352169991e-05
7.035496673779562116e-05
9.380039409734308720e-05
8.334338053828105330e-05
5.753937875851988792e-05
7.190286123659461737e-05
7.331983943004161119e-05
6.200224015628919005e-05
6.332511838991194963e-05
6.523518095491454005e-05
6.132260750746354461e-05
6.225037941476330161e-05
4.448797335498966277e-05
6.730478344252333045e-05
8.282349881483241916e-05
7.996446947799995542e-05
9.126762597588822246e-05
7.291566726053133607e-05
7.599322998430579901e-05
6.897746789036318660e-05
4.708514461526647210e-05
5.310561391524970531e-05
5.609822983387857676e-05
3.830880814348347485e-05
1.507100928574800491e-02
4.483228622120805085e-05
4.078431084053590894e-05
6.729335291311144829e-05
6.183163350215181708e-05
5.728028190787881613e-05
6.620943167945370078e-05
4.938933852827176452e-05
5.673825216945260763e-05
4.748218634631484747e-05
6.042594031896442175e-05
7.272666698554530740e-05
6.895147816976532340e-05
5.375039472710341215e-05
4.503786476561799645e-05
8.114167576422914863e-05
5.404623880167491734e-05
6.056495476514101028e-05
6.745423888787627220e-05
7.430541154462844133e-05
7.437343447236344218e-05
7.083231321303173900e-05
7.089629798429086804e-05
8.159887511283159256e-05
7.007821113802492619e-05
7.492314762203022838e-05
7.540103251812979579e-05
4.477040420169942081e-05
6.020966247888281941e-05
8.069756586337462068e-05
9.087562648346647620e-05
7.836344593670219183e-05
6.071395546314306557e-05
7.387118967017158866e-05
1.848492975113913417e-04
1.115041523007676005e-04
4.086495755473151803e-05
4.248850382282398641e-05
6.623271474381908774e-05
5.309758125804364681e-05
6.691282032988965511e-05
8.151627116603776813e-05
8.378547499887645245e-05
7.601726974826306105e-05
6.927869253559038043e-05
8.653543773107230663e-05
3.663324969238601625e-05
5.082746065454557538e-05
4.909202471026219428e-05
6.403747102012857795e-05
6.916811980772763491e-05
5.935716399108059704e-05
6.392948853317648172e-05
6.367167952703312039e-05
6.382510764524340630e-05
6.618526094825938344e-05
6.036050035618245602e-05
5.999729182804003358e-05
5.582402081927284598e-05
4.009801705251447856e-05
7.301368168555200100e-05
5.620938100037164986e-05
5.550378045882098377e-05
7.415359141305088997e-05
4.315202750149182975e-05
6.185998790897428989e-05
6.864864553790539503e-05
8.385824185097590089e-05
4.257238833815790713e-05
6.339434912661090493e-05
5.657314613927155733e-05
6.583299546036869287e-05
9.437141125090420246e-05
7.842516788514330983e-05
8.887721924111247063e-05
4.719613207271322608e-05
7.952511077746748924e-05
6.439461139962077141e-05
6.756386574124917388e-05
6.713248876621946692e-05
8.935420191846787930e-05
6.677415512967854738e-05
6.187630060594528913e-05
6.561755435541272163e-05
6.656310142716392875e-05
1.212157029658555984e-02
5.990643694531172514e-05
5.658265581587329507e-05
5.192392563913017511e-05
7.489199197152629495e-05
4.978369543096050620e-05
4.983863254892639816e-05
7.541227387264370918e-05
6.090033275540918112e-05
4.585100032272748649e-05
4.709276981884613633e-05
6.196535832714289427e-05
5.933597276452928782e-05
5.987905387883074582e-05
7.090499275363981724e-05
5.883870471734553576e-05
7.079032366164028645e-05
4.304806134314276278e-05
6.460502481786534190e-05
7.412440027110278606e-05
6.051322634448297322e-05
4.228546822560019791e-05
6.204790406627580523e-05
1.424222439527511597e-02
5.346198668121360242e-05
5.765555033576674759e-05
8.954380609793588519e-05
7.473539881175383925e-05
8.193808753276243806e-05
7.163672853494063020e-05
6.078145088395103812e-05
4.324919427745044231e-05
6.572954589501023293e-05
6.831124483142048120e-05
7.683459989493712783e-05
6.481113814515992999e-05
5.563393278862349689e-05
5.611107553704641759e-05
4.722119047073647380e-05
6.718219083268195391e-05
4.917203114018775523e-05
5.793884702143259346e-05
4.765724952449090779e-05
6.799265975132584572e-05
6.668993592029437423e-05
6.976748409215360880e-05
8.792478911345824599e-05
6.766680598957464099e-05
6.644047971349209547e-05
5.198403596295975149e-05
7.550088048446923494e-05
7.710399950155988336e-05
6.862027657916769385e-05
7.259159610839560628e-05
6.779149407520890236e-05
4.907938273390755057e-05
7.471943536074832082e-05
6.315582868410274386e-05
6.399583071470260620e-05
4.888743933406658471e-05
4.787281795870512724e-05
8.506332233082503080e-05
8.789382263785228133e-05
8.832366438582539558e-05
7.576775533379986882e-05
1.878004841273650527e-04
7.977781933732330799e-05
4.520546644926071167e-05
5.114644955028779805e-05
4.840812471229583025e-05
5.518121542991138995e-05
5.826862980029545724e-05
7.049959822325035930e-05
4.784809061675332487e-05
4.599913881975226104e-05
4.596548023982904851e-05
5.103513103676959872e-05
7.915135211078450084e-05
6.081225001253187656e-05
5.863568731001578271e-05
6.605761154787614942e-05
6.306169962044805288e-05
1.229122164659202099e-03
7.926621765363961458e-05
6.265891715884208679e-05
6.236883928067982197e-05
6.217597547220066190e-05
4.324880137573927641e-05
4.963681931258179247e-05
6.630174902966246009e-05
5.879359741811640561e-05
5.806980698253028095e-05
5.812007657368667424e-05
5.101399437990039587e-05
6.047520946594886482e-05
6.581182969966903329e-05
5.176022750674746931e-05
4.570101373246870935e-05
4.606788934324868023e-05
4.556360363494604826e-05
8.118197001749649644e-05
9.597884491086006165e-05
5.965762466075830162e-05
9.678027709014713764e-05
6.819787085987627506e-05
8.294293365906924009e-05
3.732197365025058389e-05
5.922204582020640373e-05
4.038970451802015305e-03
4.487832484301179647e-05
4.113506656722165644e-05
5.431086538010276854e-05
3.158161780447699130e-05
6.093128831707872450e-05
7.106583507265895605e-05
8.808662823867052794e-05
4.300708678783848882e-05
4.539791552815586329e-05
6.350137118715792894e-05
4.751140659209340811e-05
6.383821164490655065e-05
6.089560702093876898e-05
6.749497697455808520e-05
9.302613034378737211e-05
6.652127922279760242e-05
7.544195977970957756e-05
6.814870721427723765e-05
8.498577517457306385e-05
8.772566798143088818e-05
8.774379239184781909e-05
8.772343426244333386e-05
6.439219578169286251e-05
3.391849531908519566e-05
4.536617052508518100e-05
5.652756226481869817e-05
6.533304986078292131e-05
4.792742765857838094e-05
4.435399387148208916e-05
4.972154783899895847e-05
6.034780744812451303e-05
6.028221469023264945e-05
5.509866969077847898e-05
5.701163172489032149e-05
5.840335506945848465e-05
4.554380211629904807e-05
6.327968731056898832e-05
6.629138806601986289e-05
4.480090137803927064e-05
4.386636283015832305e-05
5.933872671448625624e-05
5.861192039446905255e-05
5.815390250063501298e-05
5.520705235539935529e-05
5.002736361348070204e-05
5.618864088319242001e-05
5.630794112221337855e-05
6.364871660480275750e-05
6.539862079080194235e-05
7.803355401847511530e-05
4.449295374797657132e-05
5.860154124093241990e-05
7.406912482110783458e-05
4.695242387242615223e-05
4.405153958941809833e-05
7.302845187950879335e-05
4.893018194707110524e-05
1.509183179587125778e-02
6.045268673915416002e-05
8.191826054826378822e-05
6.407799810403957963e-05
7.521398947574198246e-05
6.801896961405873299e-05
6.310859316727146506e-05
4.888344119535759091e-05
6.511991523439064622e-05
6.524923082906752825e-05
6.578726606676355004e-05
6.388746260199695826e-05
6.426712934626266360e-05
5.645521741826087236e-05
8.872706530382856727e-05
6.665181717835366726e-05
6.515745917567983270e-05
6.481548916781321168e-05
7.298962009372189641e-05
6.120921170804649591e-05
5.332928049028851092e-05
5.608316496363840997e-05
8.677675941726192832e-05
3.976516018155962229e-05
7.650413317605853081e-05
4.852928759646601975e-05
5.972728104097768664e-05
6.263279647100716829e-05
9.014800889417529106e-05
8.773506851866841316e-05
6.466144259320572019e-05
4.896115569863468409e-05
5.158832937013357878e-05
5.280051846057176590e-05
6.742776895407587290e-05
6.544625648530200124e-05
6.544625648530200124e-05
7.065825775498524308e-05
8.190018706955015659e-05
1.518440898507833481e-02
7.223411375889554620e-05
8.822538802633062005e-05
8.122492727125063539e-05
8.932445780374109745e-05
8.938901009969413280e-05
7.870146509958431125e-05
5.837245771544985473e-05
5.918351598666049540e-05
5.205874549574218690e-05
5.493747084983624518e-05
5.380901711760088801e-05
6.537799345096573234e-05
3.722093242686241865e-04
5.031690307077951729e-05
4.267963959136977792e-05
4.831645128433592618e-05
6.608659896301105618e-05
7.063318480504676700e-05
6.585625669686123729e-05
6.162588397273793817e-05
6.111606489866971970e-05
3.680091685964725912e-05
6.009017670294269919e-05
3.837931944872252643e-05
4.897011240245774388e-05
6.740065146004781127e-05
6.574566941708326340e-05
5.385365147958509624e-05
6.886439950903877616e-05
7.494697638321667910e-05
8.906427683541551232e-05
6.504369230242446065e-05
4.903041190118528903e-05
5.431022509583272040e-05
5.204366971156559885e-05
5.847571810591034591e-05
8.517105015926063061e-05
7.054354500724002719e-05
7.055165042402222753e-05
5.822520324727520347e-05
6.587771349586546421e-05
7.624321733601391315e-05
6.435534305637702346e-05
6.371077324729412794e-05
8.936853555496782064e-05
1.005814774543978274e-04
1.247823820449411869e-04
1.054455133271403611e-04
1.389749377267435193e-04
8.935614459915086627e-05
8.910841279430314898e-05
8.936842641560360789e-05
8.938454993767663836e-05
1.027955004246905446e-04
8.915819489629939198e-05
8.945808076532557607e-05
8.930436888476833701e-05
8.928394527174532413e-05
8.920690015656873584e-05
8.937456004787236452e-05
1.254455855814740062e-04
8.939234976423904300e-05
9.036807750817388296e-05
9.039575525093823671e-05
8.976321259979158640e-05
8.767524559516459703e-05
8.936010999605059624e-05
8.938049722928553820e-05
6.926151399966329336e-05
7.375888526439666748e-05
6.731929170200601220e-05
6.263453542487695813e-05
5.935862282058224082e-05
4.110311158001422882e-03
4.039130362798459828e-05
7.467038085451349616e-05
8.137314580380916595e-05
7.589267625007778406e-05
7.990594895090907812e-05
6.724664126522839069e-05
7.610439934069290757e-05
6.448670319514349103e-05
5.137473272043280303e-05
5.528518158826045692e-05
6.516026769531890750e-05
6.373424548655748367e-05
6.415336974896490574e-05
8.042416448006406426e-05
6.478744035121053457e-05
6.194363959366455674e-05
6.591393321286886930e-05
6.602193025173619390e-05
6.639627827098593116e-05
5.256874646875075996e-05
4.436647577676922083e-05
6.134586146799847484e-05
7.364430348388850689e-05
4.761086165672168136e-05
6.638259947067126632e-05
6.318235682556405663e-05
5.981815047562122345e-05
8.647099457448348403e-05
8.875231287674978375e-05
8.875231287674978375e-05
6.719728844473138452e-05
7.474456651834771037e-05
5.222262916504405439e-05
4.562996764434501529e-05
5.363273157854564488e-05
6.581405614269897342e-05
7.646617450518533587e-05
4.777872527483850718e-05
6.633887824136763811e-05
7.335762347793206573e-05
5.896383663639426231e-05
7.470138370990753174e-05
6.359454710036516190e-05
4.092819654033519328e-05
4.526965130935423076e-05
5.011996836401522160e-05
5.474031058838590980e-05
8.111639181151986122e-05
5.586625775322318077e-05
6.495892012026160955e-05
5.951495040790177882e-05
6.583563663298264146e-05
5.996547770337201655e-05
6.310352910077199340e-05
6.444015889428555965e-05
6.443153688451275229e-05
4.871643977821804583e-05
6.940049934200942516e-05
6.306122668320313096e-05
7.009293040027841926e-05
7.593808550154790282e-05
6.518746522488072515e-05
4.337219434091821313e-05
2.702555619180202484e-02
5.651220635627396405e-05
4.895865640719421208e-05
7.053949957480654120e-05
7.237204408738762140e-05
5.420370871433988214e-05
8.843532850733026862e-05
7.211853517219424248e-05
6.451918306993320584e-05
5.301945930114015937e-05
5.507685636985115707e-05
5.605625483440235257e-05
6.545256474055349827e-05
5.604251055046916008e-05
6.309244781732559204e-05
5.933548163739033043e-05
5.569528730120509863e-05
5.086218516225926578e-05
8.209519728552550077e-05
8.774600428296253085e-05
5.628348299069330096e-05
6.941912579350173473e-05
5.432221951195970178e-05
6.409140041796490550e-05
8.937640086514875293e-05
6.016843690304085612e-05
4.898594124824739993e-05
7.817173900548368692e-05
4.320750667829997838e-05
7.247349276440218091e-05
8.883718692231923342e-05
6.842131551820784807e-05
7.557831850135698915e-05
5.016675277147442102e-05
7.353139517363160849e-05
6.708938599331304431e-05
6.610808486584573984e-05
7.380704482784494758e-05
6.715380732202902436e-05
6.042308450560085475e-05
7.108621502993628383e-05
8.231552783399820328e-05
8.769081614445894957e-05
6.252197636058554053e-05
6.863206363050267100e-05
6.018669955665245652e-05
6.494452100014314055e-05
5.251232505543157458e-05
6.637423939537256956e-05
6.160548946354538202e-05
6.854740058770403266e-05
5.261998740024864674e-05
5.934783621341921389e-05
5.881273682462051511e-05
6.777451926609501243e-05
6.327161099761724472e-05
5.540328493225388229e-05
5.840117955813184381e-05
7.612757326569408178e-05
4.107236600248143077e-05
4.907944821752607822e-05
8.099047408904880285e-05
5.679581954609602690e-05
7.807496876921504736e-05
5.486934969667345285e-05
6.352815398713573813e-05
6.958308222237974405e-05
7.814543641870841384e-05
8.005838753888383508e-05
4.929130227537825704e-05
4.714506212621927261e-05
6.246758130146190524e-05
6.627548282267525792e-05
5.822669118060730398e-05
5.635723937302827835e-05
6.492408283520489931e-05
5.846759449923411012e-05
7.533372263424098492e-05
7.433524297084659338e-05
7.311459921766072512e-05
6.507170473923906684e-05
6.479892181232571602e-05
6.518042209791019559e-05
6.860422581667080522e-05
6.184693484101444483e-05
6.452498200815171003e-05
6.434610986616462469e-05
6.033679164829663932e-05
7.325834303628653288e-05
7.600036769872531295e-05
5.729614349547773600e-05
6.404534360626712441e-05
4.941907900501973927e-05
4.772815009346231818e-05
5.953470827080309391e-05
4.943063686368986964e-05
6.068748552934266627e-05
7.285973697435110807e-05
5.229836824582889676e-05
5.427973519545048475e-05
7.301840378204360604e-05
6.549619138240814209e-05
6.354568176902830601e-05
6.457600102294236422e-05
7.259398262249305844e-05
4.994196933694183826e-05
8.191915549105033278e-05
5.979894558549858630e-05
1.810082758311182261e-04
1.045966055244207382e-04
5.130189674673601985e-05
6.765452417312189937e-05
5.660210081259720027e-05
6.408389162970706820e-05
6.894682155689224601e-05
4.704820821643806994e-05
5.732815407100133598e-05
5.487891030497848988e-05
7.547707355115562677e-05
5.471797339851036668e-05
5.234770287643186748e-05
7.035393355181440711e-05
6.149926048237830400e-05
6.759821553714573383e-05
7.479525083908811212e-05
4.320164953242056072e-05
6.367140304064378142e-05
5.388828503782860935e-05
5.715641236747615039e-05
8.118574623949825764e-05
6.978073361096903682e-05
5.755261008744128048e-05
5.501225314219482243e-05
4.174439891357906163e-05
5.543977022171020508e-05
4.667622852139174938e-05
4.461991557036526501e-05
5.052448250353336334e-05
5.654054257320240140e-05
4.416503725224174559e-05
5.010425957152619958e-05
6.636963371420279145e-05
6.331344775389879942e-05
7.090130384312942624e-05
6.647349073318764567e-05
6.319888052530586720e-05
5.331493230187334120e-05
5.882384721189737320e-05
5.919120667385868728e-05
5.886170038138516247e-05
6.701972597511485219e-05
5.248123488854616880e-05
2.213241066783666611e-03
6.321550608845427632e-05
7.264970190590247512e-05
4.317601269576698542e-05
5.987026452203281224e-05
5.097106622997671366e-05
8.774580055614933372e-05
6.650585419265553355e-05
6.687331188004463911e-05
5.211513780523091555e-05
7.556895434390753508e-05
6.183726509334519506e-05
8.089451876003295183e-05
6.848509656265377998e-05
6.164873047964647412e-05
6.601351196877658367e-05
7.894440932432189584e-05
8.642408647574484348e-05
7.041836943244561553e-05
6.360508996294811368e-05
7.254908268805593252e-05
6.322513945633545518e-05
4.647834430215880275e-05
8.104043808998540044e-05
8.795447502052411437e-05
6.410434434656053782e-05
8.783868543105199933e-05
6.529808888444676995e-05
6.809055776102468371e-05
6.533089617732912302e-05
5.610075459117069840e-05
5.895373033126816154e-05
5.765317109762690961e-05
7.192176417447626591e-05
6.221963121788576245e-05
6.101117469370365143e-03
6.804261647630482912e-05
7.597275543957948685e-05
6.178756302688270807e-05
6.045267946319654584e-05
6.382833089446648955e-05
6.387430767063051462e-05
7.808135706000030041e-05
5.596304617938585579e-05
7.200708932941779494e-05
7.154655759222805500e-05
7.034980080788955092e-05
8.653110126033425331e-05
8.159680874086916447e-05
6.779934483347460628e-05
6.709064473398029804e-05
8.938261453295126557e-05
8.324215013999491930e-05
5.029195381212048233e-05
5.551753929466940463e-05
8.238325244747102261e-05
6.441031291615217924e-05
4.869566328125074506e-05
7.302363519556820393e-05
7.024038495728746057e-05
5.034832065575756133e-05
6.537995795952156186e-05
8.106664608931168914e-05
6.968938396312296391e-05
6.684769323328509927e-05
6.758910603821277618e-05
7.271837239386513829e-05
7.841931073926389217e-05
5.584502650890499353e-05
6.527692312374711037e-05
4.588948286254890263e-05
5.534100273507647216e-05
4.548264769255183637e-05
5.170297299628145993e-05
3.857224874082021415e-05
3.977706001023761928e-05
7.188294082880020142e-02
7.536454498767852783e-02
7.112614548532292247e-05
6.022211891831830144e-05
4.019905463792383671e-05
7.448119868058711290e-05
4.648795584216713905e-05
6.514376582344993949e-05
6.445862527471035719e-05
4.646653906092979014e-05
5.231150498730130494e-05
6.667448178632184863e-05
4.623612854629755020e-03
5.782482185168191791e-05
1.496319455327466130e-04
3.497348516248166561e-04
4.173534034634940326e-05
2.744416473433375359e-03
5.364730895962566137e-05
5.120357673149555922e-05
4.738236020784825087e-05
4.942381929140537977e-05
6.451229273807257414e-05
5.788455018773674965e-05
4.607691516866907477e-05
4.284068199922330678e-05
5.417342254077084363e-05
9.292555478168651462e-05
6.663178646704182029e-05
5.024181155022233725e-05
5.111204518470913172e-05
4.864917718805372715e-05
5.203494220040738583e-05
6.291818863246589899e-05
5.780638093710877001e-05
9.967127116397023201e-04
4.799563976121135056e-05
4.330593219492584467e-05
4.811749386135488749e-05
3.901342279277741909e-05
4.451576751307584345e-05
5.740859705838374794e-05
6.112228584242984653e-05
5.329100531525909901e-05
5.342980875866487622e-05
5.460087049868889153e-05
5.638975562760606408e-05
5.589714055531658232e-05
5.284776125336065888e-05
6.056294660083949566e-05
8.131546201184391975e-05
5.120247078593820333e-05
4.533041283139027655e-05
6.294100603554397821e-05
5.772732038167305291e-05
5.668056837748736143e-05
4.693042137660086155e-05
6.510572711704298854e-05
3.980887777288444340e-05
1.042823132593184710e-04
4.215555600239895284e-05
4.515071123023517430e-05
4.609894313034601510e-05
7.536217162851244211e-05
4.795286076841875911e-05
7.101164374034851789e-05
5.309841071721166372e-05
5.566350955632515252e-05
4.309740324970334768e-05
4.536372216534800828e-05
5.014046473661437631e-05
5.441261600935831666e-05
5.197015707381069660e-05
5.080912524135783315e-05
7.951248699100688100e-05
6.834031228208914399e-05
6.277663487708196044e-05
4.673572038882412016e-05
6.703351391479372978e-05
5.342300937627442181e-05
5.925015284446999431e-05
6.232442683540284634e-05
6.028652205714024603e-05
6.072543328627943993e-05
6.818287511123344302e-05
5.172177770873531699e-05
7.586167339468374848e-05
6.730739551130682230e-05
5.060837793280370533e-05
4.141085810260847211e-05
7.450366683769971132e-05
5.829204746987670660e-05
5.512450661626644433e-05
6.731216853950172663e-05
5.089959086035378277e-05
5.585908002103678882e-05
7.920958159957081079e-05
6.714140181429684162e-05
5.524011430679820478e-05
6.750570173608139157e-05
6.082071195123717189e-05
5.471658369060605764e-05
4.338334838394075632e-05
6.401850259862840176e-05
6.127461529104039073e-05
4.335467747296206653e-05
4.771874591824598610e-05
6.515439599752426147e-05
4.597634324454702437e-05
6.618494080612435937e-05
3.838127304334193468e-05
1.053378073265776038e-04
4.490058563533239067e-05
5.042106567998416722e-05
6.380610284395515919e-05
5.043341661803424358e-05
6.265450792852789164e-05
7.147327414713799953e-05
4.969660221831873059e-05
5.375472028390504420e-05
6.052213575458154082e-05
6.814120570197701454e-05
6.280896195676177740e-05
5.049046012572944164e-05
4.888749026576988399e-05
4.679647099692374468e-05
7.483905210392549634e-05
6.947866495465859771e-05
6.813770596636459231e-05
6.628241681028157473e-05
7.765120972180739045e-05
6.214559834916144609e-05
7.264516170835122466e-05
5.742583016399294138e-05
5.061904448666609824e-05
6.255232437979429960e-05
4.564711343846283853e-05
7.197097147582098842e-05
6.712212052661925554e-05
6.723988190060481429e-05
5.241683902568183839e-05
6.187130929902195930e-05
5.582732046605087817e-05
4.904705565422773361e-05
4.800020178663544357e-05
5.339590279618278146e-05
6.100980681367218494e-05
5.254833013168536127e-05
3.037891874555498362e-04
5.312195571605116129e-05
4.559562148642726243e-05
4.757036731461994350e-05
5.703994975192472339e-05
6.292980106081813574e-05
6.315616337815299630e-05
5.479090032167732716e-05
6.019460124662145972e-05
5.151790537638589740e-05
7.726473995717242360e-05
6.472125096479430795e-05
5.797912308480590582e-05
6.804738950449973345e-05
5.090099875815212727e-05
6.382233550539240241e-05
6.216795009095221758e-05
4.263162918505258858e-05
6.127979577286168933e-05
6.213352025952190161e-05
6.515616405522450805e-05
5.836195487063378096e-05
7.081900548655539751e-05
6.223583477549254894e-05
6.839082197984680533e-05
7.372216350631788373e-05
7.449682016158476472e-05
5.184360270504839718e-05
7.218569226097315550e-05
6.621047941735014319e-05
6.746043072780594230e-05
5.836954369442537427e-05
1.572800974827259779e-04
5.088157922727987170e-05
5.510097616934217513e-05
5.322057768353261054e-05
5.303325815475545824e-05
6.509995728265494108e-05
7.464226655429229140e-05
6.345459405565634370e-05
7.695239037275314331e-05
6.579595356015488505e-05
5.631147723761387169e-05
5.008596781408414245e-05
4.819445894099771976e-05
6.609938282053917646e-05
4.828471355722285807e-05
5.775099270977079868e-05
4.645481021725572646e-05
5.337731636245734990e-05
7.480420754291117191e-05
4.582163819577544928e-05
5.664082345901988447e-05
6.545438372995704412e-05
6.305462738964706659e-05
5.507231253432109952e-05
6.302049587247893214e-05
5.150432480149902403e-05
7.227927562780678272e-05
6.309109448920935392e-05
5.009607775718905032e-05
5.625442281598225236e-05
7.127703429432585835e-05
6.512974505312740803e-05
6.920121086295694113e-05
7.124632975319400430e-05
5.739964763051830232e-05
5.136761319590732455e-05
6.753551133442670107e-05
6.291243334999307990e-05
5.303642683429643512e-05
5.152962330612353981e-05
5.114450323162600398e-05
4.544153489405289292e-05
7.580788951599970460e-05
5.244990097708068788e-05
6.231632869457826018e-05
6.087642759666778147e-05
4.500735303736291826e-05
4.459423507796600461e-05
6.503400072688236833e-05
5.720621993532404304e-05
7.722989539615809917e-05
6.226313416846096516e-05
6.150269473437219858e-05
5.806888657389208674e-05
4.888170224148780107e-05
6.834277155576273799e-05
5.050288018537685275e-05
5.402259557740762830e-05
4.652846473618410528e-05
5.651540413964539766e-05
5.087925455882214010e-05
6.210335413925349712e-05
5.271605550660751760e-05
5.988016710034571588e-05
5.893872366868890822e-05
4.976284617441706359e-05
5.040068936068564653e-05
5.987609984003938735e-05
6.725001730956137180e-05
6.411779759218916297e-05
5.695440631825476885e-05
4.267734766472131014e-05
5.836694253957830369e-05
1.132081742980517447e-04
5.622469689114950597e-05
5.339382187230512500e-05
7.602927507832646370e-05
7.308810018002986908e-05
6.830447091488167644e-05
6.184035737533122301e-05
5.309867265168577433e-05
4.591779361362569034e-05
5.648869046126492321e-05
5.293741924106143415e-05
6.231811130419373512e-05
4.735338006867095828e-05
7.079329225234687328e-05
5.764338129665702581e-05
4.929194619762711227e-05
7.361507596215233207e-05
5.551729191211052239e-05
7.766080670990049839e-05
7.715228275628760457e-05
7.652040221728384495e-05
7.372207619482651353e-05
4.670688940677791834e-05
4.286894545657560229e-05
6.211853906279429793e-05
4.764095501741394401e-05
5.754077938036061823e-05
5.730679185944609344e-05
7.375103450613096356e-05
8.246832294389605522e-05
4.876609091297723353e-05
5.569143831962719560e-05
7.641217234777286649e-05
5.901270924368873239e-05
5.373747990233823657e-05
5.043120108894072473e-05
1.019176910631358624e-03
4.659490514313802123e-05
6.187166582094505429e-05
5.040532050770707428e-05
6.592022691620513797e-05
7.168467709561809897e-05
6.124446372268721461e-05
6.155531445983797312e-05
6.709593435516580939e-05
7.056329923216253519e-05
6.201938231242820621e-05
5.670019163517281413e-05
6.412519724108278751e-05
5.904999852646142244e-05
