3.853191388770937920e-03
1.034564138535642996e-05
2.605891495477408171e-05
4.247625111020170152e-05
1.119526132242754102e-05
2.016366306634154171e-05
4.132508474867790937e-04
2.511774748563766479e-02
3.532867878675460815e-02
1.421786419086856768e-05
3.550249311956577003e-05
3.550249311956577003e-05
2.766565739875659347e-05
1.475143471907358617e-05
1.790533315215725452e-05
2.036302248598076403e-05
2.051392948487773538e-05
1.138041170634096488e-05
2.423427031317260116e-05
2.578041130618657917e-05
1.489884652983164415e-05
7.893050496932119131e-05
1.347993929812218994e-05
2.381731792411301285e-05
2.696110634133219719e-03
1.849304135248530656e-05
2.694678725674748421e-03
1.953531318577006459e-05
1.912163861561566591e-05
2.800857146212365478e-05
1.603773307579103857e-05
3.783579086302779615e-05
3.794706572080031037e-05
2.268436037411447614e-05
1.876293936220463365e-05
3.497543002595193684e-05
3.478401777101680636e-05
3.067815487156622112e-05
1.566474929859396070e-05
3.310609463369473815e-05
2.561079782026354223e-05
1.181211089715361595e-03
2.263604073959868401e-05
2.264541762997396290e-05
2.261540430481545627e-05
9.166917880065739155e-05
1.468723530706483871e-05
2.060000406345352530e-05
2.701234370761085302e-05
2.997343108290806413e-05
3.384728188393637538e-05
2.638297388330101967e-03
2.917256824730429798e-05
2.426662831567227840e-05
1.358249137410894036e-04
1.942406015587039292e-05
1.119864464271813631e-05
1.126571442000567913e-05
2.409692933724727482e-05
4.595303835230879486e-05
4.329632793087512255e-05
1.788105873856693506e-05
1.862208591774106026e-05
2.387519270996563137e-05
2.817211679939646274e-05
3.410131103009916842e-05
1.029953091347124428e-05
2.893442069762386382e-05
1.569295818626414984e-05
3.110750549240037799e-05
2.197490721300709993e-05
2.276485429320018739e-05
1.378137312713079154e-05
3.199851562385447323e-05
7.456656749127432704e-05
2.560686698416247964e-05
3.469334478722885251e-05
1.068781013600528240e-03
3.190719507983885705e-05
4.216590605210512877e-05
8.090188930509611964e-05
3.083976844209246337e-05
3.187614129274152219e-05
3.079509770032018423e-05
4.209129838272929192e-05
1.581991091370582581e-05
2.711612032726407051e-03
2.625892011565156281e-05
1.762010469974484295e-05
2.275160295539535582e-05
2.855191007256507874e-03
3.356245113536715508e-03
2.641256287461146712e-05
9.261268860427662730e-05
1.559175689180847257e-05
2.237515036540571600e-05
2.248176315333694220e-05
2.286160270159598440e-05
6.505668716272339225e-05
1.451161642762599513e-05
3.269483931944705546e-05
3.449555515544489026e-05
2.458492781443055719e-05
2.805337317113298923e-05
3.043846481887158006e-05
1.700955908745527267e-05
2.090966336254496127e-05
2.516334643587470055e-04
2.007969669648446143e-05
6.344612484099343419e-05
2.953556831926107407e-04
2.447598853905219585e-05
3.431289951549842954e-05
1.504125339124584571e-05
1.989215525100007653e-05
3.912911779480054975e-05
2.922548264905344695e-05
1.621141200303100049e-05
3.531744732754305005e-05
2.654624637216329575e-03
3.783618740271776915e-05
3.878659481415525079e-05
3.258931974414736032e-05
4.617498052539303899e-05
2.009196177823469043e-04
1.556717143103014678e-05
2.069476431643124670e-05
2.718527684919536114e-05
9.484676411375403404e-05
2.807418582960963249e-03
9.865078754955902696e-05
4.040113650262355804e-03
1.261161378351971507e-05
2.905916517192963511e-05
1.097481526812771335e-05
2.601210871944203973e-05
1.254464383237063885e-03
8.061640546657145023e-04
2.570452306827064604e-05
2.253730235679540783e-05
2.946760105260182172e-05
3.393973020138218999e-05
2.170793413824867457e-05
2.686019754037261009e-03
2.457092523400206119e-05
2.484831929905340075e-05
1.713767414912581444e-05
1.830697510740719736e-05
1.542164864076767117e-05
1.429029816790716723e-05
1.966062336578033864e-05
1.955256811925210059e-05
2.819452129187993705e-05
2.083891376969404519e-05
2.062783278233837336e-05
2.039839273493271321e-05
1.865936246758792549e-05
1.820087709347717464e-05
2.703892096178606153e-05
1.956580308615230024e-05
1.337722915195627138e-05
1.026491099764825776e-05
1.118487678468227386e-03
3.142751666018739343e-05
2.935737575171515346e-05
4.010583506897091866e-05
2.816861524479463696e-05
1.622724448679946363e-05
4.451800778042525053e-04
1.759986116667278111e-05
3.702064714161679149e-05
1.685639726929366589e-04
1.573687768541276455e-05
3.094173735007643700e-05
2.216290704382117838e-05
2.754679735517129302e-05
2.526902608224190772e-05
2.291700548084918410e-05
2.229379788332153112e-05
2.101193786074873060e-05
2.331742507521994412e-05
3.532229675329290330e-05
1.882040669443085790e-05
6.590686825802549720e-05
1.530587906017899513e-05
1.497718494647415355e-05
1.878572038549464196e-05
2.122395198966842145e-05
1.167944901681039482e-05
2.007432158279698342e-05
3.180314524797722697e-05
3.533005292410962284e-05
2.457156006130389869e-05
3.414593811612576246e-05
2.892570228141266853e-05
1.951608828676398844e-05
9.938327821146231145e-06
2.229637539130635560e-05
1.920115937537048012e-05
1.543795769975986332e-05
2.486758967279456556e-05
2.487588790245354176e-05
1.241019461303949356e-03
2.281449815200176090e-05
1.641693779674824327e-05
2.493556348781567067e-05
1.417982566636055708e-04
3.019389987457543612e-05
2.213784682680852711e-05
2.217045839643105865e-04
2.610650517453905195e-05
4.031645221402868629e-05
3.334130815346725285e-05
3.214604294043965638e-05
3.033978282473981380e-05
2.133158704964444041e-05
3.314861896797083318e-05
1.581147080287337303e-05
1.637519017094746232e-05
2.740875817835330963e-03
2.108230728481430560e-05
2.589254836493637413e-05
2.735642192419618368e-05
2.140662945748772472e-05
3.639401984401047230e-05
3.316344736958853900e-05
2.717668889090418816e-03
3.676810301840305328e-04
2.768762875348329544e-03
1.778157093212939799e-05
2.376760858169291168e-05
1.308899754803860560e-05
1.795355638023465872e-05
5.388423232943750918e-05
3.006830957019701600e-05
2.118984004482626915e-03
2.332406074856407940e-05
2.843190850398968905e-05
3.901970558217726648e-05
1.089585712179541588e-04
2.989205677295103669e-05
1.106703166442457587e-05
2.801863593049347401e-05
2.367381421208847314e-05
9.157301974482834339e-06
9.885166036838199943e-06
2.876306643884163350e-05
2.808743156492710114e-03
1.932283339556306601e-05
2.367383058299310505e-05
1.314537657890468836e-04
1.689842974883504212e-05
3.511871545924805105e-05
1.024154871702194214e-01
1.913178675749804825e-05
1.618524947843980044e-05
1.030814746627584100e-05
2.286997005285229534e-05
1.198220161313656718e-05
2.983732701977714896e-05
1.696698745945468545e-05
2.241949550807476044e-05
3.338071837788447738e-05
9.831745956034865230e-06
3.102137634414248168e-05
3.403901064302772284e-05
2.095512172672897577e-05
9.676073386799544096e-05
1.459353461541468278e-05
5.419049921329133213e-05
2.583306515589356422e-03
1.744144782423973083e-02
1.047592650138540193e-05
2.471553125360514969e-05
1.459227587474742904e-05
9.391191269969567657e-06
1.923900890687946230e-05
2.904477332776878029e-05
4.441270721144974232e-04
2.907897942350246012e-05
2.608031354611739516e-05
2.168216997233685106e-05
1.998004518100060523e-05
3.386762182344682515e-05
1.014396839309483767e-04
1.853722642408683896e-05
1.855098344094585627e-05
1.853073263191618025e-05
3.728785668499767780e-05
3.077405563089996576e-05
1.802169390430208296e-05
3.303614721517078578e-05
3.599306000978685915e-05
2.791834049276076257e-05
2.853033220162615180e-05
1.140126041718758643e-04
1.486485962232109159e-05
1.404739577992586419e-05
3.356194793013855815e-05
3.023682438652031124e-05
2.002512155740987509e-05
2.162351120205130428e-05
2.148644125554710627e-05
2.167673483199905604e-05
2.286055132572073489e-05
1.803627128538209945e-05
2.744104480370879173e-03
3.370568083482794464e-05
3.753149576368741691e-05
1.529453038529027253e-05
2.689977554837241769e-05
4.214701766613870859e-05
5.036024595028720796e-05
3.065708369831554592e-05
4.194548091618344188e-05
1.008202598313800991e-04
1.441809308744268492e-05
2.879352541640400887e-05
3.756376827368512750e-05
2.599929575808346272e-05
3.138969987048767507e-05
1.803728446247987449e-05
7.721625152043998241e-04
8.558673289371654391e-05
5.734307342208921909e-05
1.410341519658686593e-05
3.873178138746879995e-05
2.209094054705929011e-05
2.850390505045652390e-03
3.456469858065247536e-05
2.071804774459451437e-04
2.591673001006711274e-05
1.926366167026571929e-05
3.558723983587697148e-05
9.498321560386102647e-06
5.484733628691174090e-05
3.269264198024757206e-05
2.815052903315518051e-05
4.390389585751108825e-05
1.810397407098207623e-05
2.017930637521203607e-05
1.685439929133281112e-05
2.975507959490641952e-05
4.006980816484428942e-05
1.146857743151485920e-03
2.746703285083640367e-05
4.415108196553774178e-05
2.277357998536899686e-05
2.737185968726407737e-05
4.272640580893494189e-05
3.049225961149204522e-05
1.576937756908591837e-05
3.121128975180909038e-05
2.591322481748647988e-05
2.850041528290603310e-05
2.026568108703941107e-05
1.498367146268719807e-05
6.007174670230597258e-05
1.061066450347425416e-05
1.485903885622974485e-05
1.709509342617820948e-05
2.475153632985893637e-05
3.051558815059252083e-05
1.192480067402357236e-05
3.546750667737796903e-05
2.845103699655737728e-05
1.122758931160205975e-05
1.365627304039662704e-05
1.247802902071271092e-05
1.911790604935958982e-05
1.353545812889933586e-04
2.028039853030350059e-05
3.128187017864547670e-05
2.969386150653008372e-05
1.478515878261532634e-05
2.816703999997116625e-05
1.348078058072132990e-05
7.902038097381591797e-02
1.571131906530354172e-05
1.325679568253690377e-05
2.803044859319925308e-03
1.957820859388448298e-05
1.754939694365020841e-05
2.440486241539474577e-05
1.213396080856909975e-05
2.637343015521764755e-03
2.490010047040414065e-05
1.457486450817668810e-05
3.182405271218158305e-05
7.539631042163819075e-05
2.224202762590721250e-05
1.120872275350848213e-05
2.552704245317727327e-05
2.113807749992702156e-05
6.513523840112611651e-05
3.179946361342445016e-05
3.758845195989124477e-05
1.442185839550802484e-05
3.068145451834425330e-05
2.437304465274792165e-05
7.424562500091269612e-05
2.408145519439131021e-05
3.408990960451774299e-05
1.861936179921030998e-04
2.391943053225986660e-05
8.929476280172821134e-06
1.870554297056514770e-05
1.956310734385624528e-05
7.525801720476010814e-06
2.895974648708943278e-05
7.161986286519095302e-05
1.949191027961205691e-05
4.416024239617399871e-05
4.596439976012334228e-05
2.788489655358716846e-05
3.854871101793833077e-05
2.488366044417489320e-05
1.747105307003948838e-05
2.468530874466523528e-05
5.527703251573257148e-05
5.606677950709126890e-05
6.236915942281484604e-05
6.131668487796559930e-05
5.556810720008797944e-05
5.519975820789113641e-05
5.549753041123040020e-05
5.529339614440687001e-05
5.541516657103784382e-05
5.568890628637745976e-05
5.518890611710958183e-05
5.589297143160365522e-05
5.409010555013082922e-05
5.513368523679673672e-05
5.519051046576350927e-05
1.271054934477433562e-04
8.035213249968364835e-05
8.332824654644355178e-05
1.251388312084600329e-04
9.449235221836715937e-05
8.533892105333507061e-05
8.439534576609730721e-05
7.455087325070053339e-05
7.245045708259567618e-05
7.054708112264052033e-05
7.301018922589719296e-05
7.321639714064076543e-05
7.319725409615784883e-05
7.356705464189872146e-05
7.001623453106731176e-05
7.187237497419118881e-05
7.373336120508611202e-05
7.272253424162045121e-05
7.323225872823968530e-05
7.308206113521009684e-05
7.289642235264182091e-05
7.213588833110406995e-05
7.575030758744105697e-05
7.380862371064722538e-05
7.355787238338962197e-05
7.130143058020621538e-05
6.833303632447496057e-05
7.174950587796047330e-05
6.904031033627688885e-05
7.538326462963595986e-05
7.554852345492690802e-05
7.588959124404937029e-05
7.514074241043999791e-05
6.493084947578608990e-05
6.564437353517860174e-05
7.475287566194310784e-05
2.247593511128798127e-05
2.824660077749285847e-05
4.050629286211915314e-05
5.058275564806535840e-05
1.766360037436243147e-05
3.375478263478726149e-05
3.375478263478726149e-05
1.636950764805078506e-05
2.489338658051565289e-05
1.999121195694897324e-05
1.953255377884488553e-05
2.060735096165444702e-05
2.170182597183156759e-05
3.170359923387877643e-05
1.168096514447825029e-05
1.929545214807149023e-05
1.792308103176765144e-05
2.532296821300406009e-05
1.839841388573404402e-05
3.778147947741672397e-05
2.278426291013602167e-05
2.783162017294671386e-05
2.387408858339767903e-05
1.534763759991619736e-05
6.573137216037139297e-05
2.285248228872660547e-05
3.692823520395904779e-05
3.106152871623635292e-05
2.403484359092544764e-05
2.461343319737352431e-05
2.725438913330435753e-03
3.795377051574178040e-05
2.687417872948572040e-05
3.871629087370820343e-05
2.826743184414226562e-05
9.594183211447671056e-05
3.577439201762899756e-05
2.186217352573294193e-05
2.145944563380908221e-05
9.042771125677973032e-06
4.503222953644581139e-05
2.812738057400565594e-05
3.131922858301550150e-05
2.932092866103630513e-05
2.930284608737565577e-05
2.928546746261417866e-05
1.974803453776985407e-04
2.315744495717808604e-05
2.238110391772352159e-05
3.674510662676766515e-05
1.874065674201119691e-05
4.932570664095692337e-05
3.943433694075793028e-05
1.047366968123242259e-04
2.102364305756054819e-05
2.737793511187192053e-05
2.671073343663010746e-05
3.002196535817347467e-05
2.659453639353159815e-05
7.154864579206332564e-05
2.412607500446029007e-05
2.284276342834345996e-05
7.883039506850764155e-05
8.194940892281010747e-05
2.263345231767743826e-05
2.351642615394666791e-05
2.965786006825510412e-05
2.393546674284152687e-05
2.251618207083083689e-05
4.161910328548401594e-05
2.018913437495939434e-05
3.620187999331392348e-05
2.779344686132390052e-05
4.226361124892719090e-05
4.777874710271134973e-05
2.706881059566512704e-05
3.744447531062178314e-05
9.152959682978689671e-05
2.257674233987927437e-03
2.524966839700937271e-05
2.561976725701242685e-05
1.531606903881765902e-05
2.367342312936671078e-05
1.459368013456696644e-05
4.467065809876658022e-05
4.226278542773798108e-05
2.698662457987666130e-03
1.882829383248463273e-05
2.870698153856210411e-05
2.754268280114047229e-05
2.010092794080264866e-05
3.258586730225943029e-05
3.646374170784838498e-05
5.726476592826656997e-05
3.493778422125615180e-05
3.277417636127211154e-05
2.769811180769465864e-05
3.580445991246961057e-05
2.754518573055975139e-05
2.411695095361210406e-05
2.661370490386616439e-05
2.359166683163493872e-05
2.535253406676929444e-05
1.873400469776242971e-05
3.854600072372704744e-05
3.826535248663276434e-05
1.769023583619855344e-05
1.947285454662051052e-05
1.645779593673069030e-05
1.049952788889640942e-05
4.096749471500515938e-04
3.206598557881079614e-05
1.962175520020537078e-05
1.540769881103187799e-05
9.594250877853482962e-05
2.211311584687791765e-05
3.206332257832400501e-05
1.960674489964731038e-05
1.911376784846652299e-05
3.099590685451403260e-05
2.593579847598448396e-05
2.180656701966654509e-05
7.437932654283940792e-04
2.672384725883603096e-03
2.585619949968531728e-05
2.499798756616655737e-05
2.004335874516982585e-05
2.531743848521728069e-05
2.496342676749918610e-05
3.433147867326624691e-05
2.773156847979407758e-05
8.855959094944410026e-06
3.540308898664079607e-05
2.713063498958945274e-03
2.729380139498971403e-05
3.295335773145779967e-05
1.987175710382871330e-05
4.113833711016923189e-05
3.876559640048071742e-05
2.648365625645965338e-05
4.904866000288166106e-05
5.203656110097654164e-05
2.947373832284938544e-05
2.871313699870370328e-05
2.875983045669272542e-05
3.194090822944417596e-05
2.636039789649657905e-05
1.861355303844902664e-05
1.978593718376941979e-05
1.803160193958319724e-05
2.782279392704367638e-03
3.903872129740193486e-05
2.082474566122982651e-05
2.853211481124162674e-05
2.870550633815582842e-05
2.478722853993531317e-05
1.247491218236973509e-05
2.682676858967170119e-05
2.497072455298621207e-05
3.194915552739985287e-05
2.683935963432304561e-05
1.901704126794356853e-05
2.595717523945495486e-05
1.622789386601652950e-05
2.725030026340391487e-05
3.492023097351193428e-05
2.323697117390111089e-05
3.259707227698527277e-05
2.584244066383689642e-05
1.305118621530709788e-05
2.132147164957132190e-05
3.844195089186541736e-05
2.281961315020453185e-05
1.738731043587904423e-05
2.995469185407273471e-05
2.431726898066699505e-05
1.811853871913626790e-05
1.844699727371335030e-05
2.425652746751438826e-05
2.115796269208658487e-05
2.077670615108218044e-05
2.296528873557690531e-05
1.804754901968408376e-05
1.840749609982594848e-05
2.166236481571104378e-05
2.628377478686161339e-05
1.789223460946232080e-04
3.882584132952615619e-05
3.866408587782643735e-05
4.173865090706385672e-05
1.077446155250072479e-03
1.404072281729895622e-05
2.591705379018094391e-05
3.095574356848374009e-05
1.860446172941010445e-05
2.786593904602341354e-05
1.859299845818895847e-05
1.885105302790179849e-05
1.954050821950659156e-05
3.344883953104726970e-05
1.952514139702543616e-05
2.968180888274218887e-05
1.807524495234247297e-05
2.328709160792641342e-05
1.924071329995058477e-05
1.280925880564609542e-05
1.959482870006468147e-05
3.111338082817383111e-05
2.643834704940672964e-05
2.003601912292651832e-05
2.563351699791382998e-05
2.434880661894567311e-05
1.956960113602690399e-05
2.222990769951138645e-05
2.127519837813451886e-05
1.680099558143410832e-05
3.171606294927187264e-05
1.444336521672084928e-05
2.748721090028993785e-05
1.350715319858863950e-05
5.550786954700015485e-05
2.278999090776778758e-05
4.434993388713337481e-05
1.896956746350042522e-05
1.476682336942758411e-05
3.603520235628820956e-05
2.979601777042262256e-05
2.629145637911278754e-05
4.327623901190236211e-05
8.835381595417857170e-05
1.653134131629485637e-05
1.660533052927348763e-05
2.717622919590212405e-05
2.409679291304200888e-05
3.313056367915123701e-05
3.756773730856366456e-05
1.856231247074902058e-03
1.953990613401401788e-05
1.953990613401401788e-05
1.705604881863109767e-05
3.827863838523626328e-05
3.103482231381349266e-05
4.034926314488984644e-05
2.982947080454323441e-05
2.423293153697159141e-05
3.072914478252641857e-05
4.937487028655596077e-05
2.413068250461947173e-05
1.858762880146969110e-05
3.414338789298199117e-05
1.752125899656675756e-05
2.385859406786039472e-04
1.888224687718320638e-05
2.663855048012919724e-05
2.790954662486910820e-03
1.956719825102481991e-05
1.954636900336481631e-05
3.829380875686183572e-05
2.979915188916493207e-05
2.380512160016223788e-05
1.955805601028259844e-05
2.888129347411449999e-05
7.315753464354202151e-05
2.533257356844842434e-04
1.430239626643015072e-05
3.063595431740395725e-05
2.321277315786574036e-05
3.648783604148775339e-05
3.651999941212125123e-05
3.652395389508455992e-05
2.897495869547128677e-05
2.793824387481436133e-05
2.715377922868356109e-05
2.064898762910161167e-05
2.595273508632089943e-05
3.494022530503571033e-05
3.475467747193761170e-05
1.548391810501925647e-05
2.779670525342226028e-03
2.982946170959621668e-05
4.232616629451513290e-05
3.999175896751694381e-05
4.702333171735517681e-05
3.831109279417432845e-05
3.865415419568307698e-05
4.088619607500731945e-05
1.746590351103805006e-05
8.321716450154781342e-05
3.272502726758830249e-05
2.366923763474915177e-05
2.943539948319084942e-05
1.737723505357280374e-05
4.590303433360531926e-05
7.068731792969629169e-05
2.413874608464539051e-05
2.684500068426132202e-04
2.792087070702109486e-05
3.123810893157497048e-05
5.549704656004905701e-05
2.504540316294878721e-05
3.687098069349303842e-05
3.825605381280183792e-05
1.492755018261959776e-05
3.072282561333850026e-05
3.898300928995013237e-05
3.157981700496748090e-05
3.975795334554277360e-05
1.415781662217341363e-05
1.146649126894772053e-03
1.864923251559957862e-05
4.487132900976575911e-05
3.037339592992793769e-05
2.379979014222044498e-05
1.746843554428778589e-05
3.314130663056857884e-05
3.380015186849050224e-05
8.495731890434399247e-05
3.195364479324780405e-05
3.163357905577868223e-04
2.649396628839895129e-05
1.166343106888234615e-03
2.446380312903784215e-05
3.863919482682831585e-05
2.132579720637295395e-05
3.410001227166503668e-05
3.700287197716534138e-05
3.218349957023747265e-05
3.227962952223606408e-05
2.914373544626869261e-05
3.552024281816557050e-05
3.908090729964897037e-05
1.760759005264844745e-05
2.165754449379164726e-05
1.800165773602202535e-05
1.793281080608721823e-05
1.546095300000160933e-04
2.227349250460974872e-05
1.159976818598806858e-03
1.699907807051204145e-05
1.901122232084162533e-05
2.401279016339685768e-05
2.365544969507027417e-05
2.493279680493287742e-05
1.917660483741201460e-05
2.207402394560631365e-05
2.595870173536241055e-04
2.477769885445013642e-05
4.707788320956751704e-05
1.684887138253543526e-05
1.630595943424850702e-05
2.394367766100913286e-05
5.747340765083208680e-05
2.296849379490595311e-05
3.621093492256477475e-05
1.016231253743171692e-04
2.920965926023200154e-05
2.217928646132349968e-03
3.019635005330201238e-05
2.980339013447519392e-05
1.541508754598908126e-05
3.366768578416667879e-05
1.949824763869401067e-05
5.142635563970543444e-05
2.019589555857237428e-05
5.012552355765365064e-05
1.850041917350608855e-05
2.422467696305830032e-05
1.733703356876503676e-05
4.667017492465674877e-05
1.287030136154498905e-05
2.867707189579959959e-05
2.821735688485205173e-05
1.713817255222238600e-05
3.065130149479955435e-04
4.058309423271566629e-05
2.423455771349836141e-05
7.802311301929876208e-05
1.156216836534440517e-03
1.493831950938329101e-05
3.037321039300877601e-05
1.732238888507708907e-05
3.547322994563728571e-04
4.753155008074827492e-05
2.115832467097789049e-05
2.702416168176569045e-05
2.844825852662324905e-03
3.725785791175439954e-05
3.985320290667004883e-05
2.841893117874860764e-03
5.686269287252798676e-05
2.001660868700128049e-05
1.076339976862072945e-03
2.505659722373820841e-05
3.636570909293368459e-05
4.550641824607737362e-05
1.191900810226798058e-05
1.023685854306677356e-05
1.459295799577375874e-05
2.274541293445508927e-05
3.051339626836124808e-05
1.435204376321053132e-05
1.540861558169126511e-05
3.510300666675902903e-05
1.660433554206974804e-05
2.242801201646216214e-05
4.590954995364882052e-05
1.624057222215924412e-05
2.423336263746023178e-05
1.602219890628475696e-05
2.130538814526516944e-05
2.262526322738267481e-05
3.300922253401950002e-05
1.491741386416833848e-05
1.649441037443466485e-05
3.717694562510587275e-05
1.895999957923777401e-05
2.827171920216642320e-05
1.296796654060017318e-05
5.614921974483877420e-05
2.269771539431530982e-05
3.157805622322484851e-05
2.269163633172865957e-05
2.133363341272342950e-05
3.317339360364712775e-05
2.012092954828403890e-05
3.127111267531290650e-05
2.362057603022549301e-05
1.983162655960768461e-04
1.751560012053232640e-05
2.037864214798901230e-05
1.123302034102380276e-03
2.214948274195194244e-02
3.401247522560879588e-05
3.915803245035931468e-05
3.819853736786171794e-05
4.723313759313896298e-05
2.598124228825327009e-05
1.676222018431872129e-05
1.376760610583005473e-05
1.649341538723092526e-05
2.210818092862609774e-05
1.634219916013535112e-05
1.086476549971848726e-05
1.957365384441800416e-05
2.707223029574379325e-05
1.839437572925817221e-05
3.049918814213015139e-05
6.045193877071142197e-04
2.245089854113757610e-05
1.956208689080085605e-05
4.874776641372591257e-05
2.484500328137073666e-05
1.920113754749763757e-05
1.920090107887517661e-05
3.569052569218911231e-05
4.185265061096288264e-05
2.824498733389191329e-05
3.087195000261999667e-05
1.510789115855004638e-05
2.725359263422433287e-05
2.798833702399861068e-05
2.234220301033928990e-05
3.723342888406477869e-05
3.805703454418107867e-05
3.117596133961342275e-05
3.178004408255219460e-05
3.053093678317964077e-05
8.788877312326803803e-05
2.246001502498984337e-03
2.151678199879825115e-05
2.729767038545105606e-05
1.830649307521525770e-05
1.407827130606165156e-05
1.645769407332409173e-05
1.412778237863676623e-05
3.350764382048510015e-05
1.870948835858143866e-05
1.644303847569972277e-05
1.495868491474539042e-05
3.403979280847124755e-05
2.369261164858471602e-05
2.730634529143571854e-03
5.891800537938252091e-05
2.382788261456880718e-05
1.175693159893853590e-05
3.953209306928329170e-05
9.982562914956361055e-06
3.202638981747440994e-05
3.334284338052384555e-05
3.202194784535095096e-05
1.648944817134179175e-05
8.002758841030299664e-04
1.310311563429422677e-05
1.088176395569462329e-05
2.743089316936675459e-05
3.893848770530894399e-05
2.192690590163692832e-05
1.959594555955845863e-05
1.333821091975551099e-05
9.834790398599579930e-05
3.726309660123661160e-05
1.752262505760882050e-05
2.169659637729637325e-05
1.464626984670758247e-05
2.734758709266316146e-05
2.753468696027994156e-03
2.983371632581111044e-05
2.154584035451989621e-05
1.745111803757026792e-04
2.491090890544001013e-05
3.439322244958020747e-05
2.782610245048999786e-03
2.472769483574666083e-05
3.888742503477260470e-05
1.153759585577063262e-04
2.590732401586137712e-05
2.100346864608582109e-05
2.795007778331637383e-03
8.979472113423980772e-06
2.182996104238554835e-05
3.152252611471340060e-05
3.027103593922220170e-05
1.731452175590675324e-05
2.856848914234433323e-05
2.686196603463031352e-05
2.220574242528527975e-05
3.113466664217412472e-05
2.576269616838544607e-05
2.492827479727566242e-05
2.998789386765565723e-05
2.398990181973204017e-05
1.637787136132828891e-05
1.646651071496307850e-05
2.937938916147686541e-05
1.828121821745298803e-05
2.698170646908693016e-05
1.276282819162588567e-05
2.879609019146300852e-05
1.315530607826076448e-05
3.067846773774363101e-05
2.154056710423901677e-05
1.491493731009541079e-05
2.300681626365985721e-05
1.459416216675890610e-05
1.459213763155275956e-05
4.238953988533467054e-05
3.470749288680963218e-05
2.382703860348556191e-05
2.793162362650036812e-03
1.564016929478384554e-05
3.216661207261495292e-05
2.079338810290209949e-05
2.071246308332774788e-05
1.745975896483287215e-05
2.629508162499405444e-05
2.662400016561150551e-03
2.384601793892215937e-05
2.841618515958543867e-05
3.072887921007350087e-05
1.839017932070419192e-05
2.631594543345272541e-05
2.973093796754255891e-05
1.837294257711619139e-05
1.484999575041001663e-05
1.484999575041001663e-05
2.357060111535247415e-05
2.240437970613129437e-05
2.085780761262867600e-05
2.316355494258459657e-05
2.707890234887599945e-03
2.692294772714376450e-03
2.149389911210164428e-05
2.127544394170399755e-05
2.716763876378536224e-03
3.897181886713951826e-05
1.556969618832226843e-05
1.650887134019285440e-05
2.360874350415542722e-05
2.815907828335184604e-05
1.514856649009743705e-05
4.037412873003631830e-05
1.459385839552851394e-05
8.235071618400979787e-06
8.834345862851478159e-06
2.749274608504492790e-05
1.924112257256638259e-05
1.421300657966639847e-05
1.228710061695892364e-05
4.004115180578082800e-05
2.977544863824732602e-05
7.714860112173482776e-05
3.974795254180207849e-05
1.459283430449431762e-05
1.459227223676862195e-05
6.221447256393730640e-05
3.067868601647205651e-05
3.171637217747047544e-05
1.353449806629214436e-05
2.850047894753515720e-05
3.427247793297283351e-05
2.874196507036685944e-04
2.050976763712242246e-05
2.217822766397148371e-04
3.570199260138906538e-05
1.629709004191681743e-05
1.789048110367730260e-05
3.438898784224875271e-05
2.935845986939966679e-05
1.886279278551228344e-05
2.574316022219136357e-05
1.548995896882843226e-05
2.546961331972852349e-05
3.260330413468182087e-05
3.473916149232536554e-05
1.330516352027188987e-05
1.103757585951825604e-05
1.315384361078031361e-05
3.661244045360945165e-05
1.152399363490985706e-05
2.652484363352414221e-05
2.924236105172894895e-05
2.754925844783429056e-05
3.133692007395438850e-05
3.745920548681169748e-05
2.772221705527044833e-05
3.303380071884021163e-05
1.537142634333577007e-05
2.780607064778450876e-05
4.215652006678283215e-05
4.215652006678283215e-05
2.756455251073930413e-05
1.293437162530608475e-05
1.293301465921103954e-05
2.681131809367798269e-05
1.493690888310084119e-05
2.918985410360619426e-05
1.641635753912851214e-05
2.944458537967875600e-05
2.360379221499897540e-05
3.198754711775109172e-05
4.084746615262702107e-05
2.229671372333541512e-05
2.009766467381268740e-05
1.629033613426145166e-05
1.286556562263285741e-05
3.761066182050853968e-05
2.116514951921999454e-04
1.802969018172007054e-05
1.084424820874119177e-05
2.121379111486021429e-05
1.077853539754869416e-05
1.984157825063448399e-05
3.984016075264662504e-05
8.140200225170701742e-05
2.368353671045042574e-05
1.735677869874052703e-05
1.666342723183333874e-05
1.750713818182703108e-05
3.157433093292638659e-05
1.923398122016806155e-05
2.180637056881096214e-05
1.805863212211988866e-05
3.900800584233365953e-05
1.955506741069257259e-05
1.468325353926047683e-05
3.104087591054849327e-05
3.471009404165670276e-05
1.244889517693081871e-05
2.398027027084026486e-05
2.850348755600862205e-05
2.870787830033805221e-05
1.989094926102552563e-05
9.058072464540600777e-06
1.552343564981129020e-05
1.715794496703892946e-05
2.344669701415114105e-05
3.351332998136058450e-05
2.558393498475197703e-05
5.438509469968266785e-05
2.258286258438602090e-05
4.914320743409916759e-05
2.322320142411626875e-05
2.667311673576477915e-05
3.067789657507091761e-05
1.941246046044398099e-05
1.459407667425693944e-05
1.259959844901459292e-05
1.492894080001860857e-05
2.016993857978377491e-05
2.985674291267059743e-05
3.713994010468013585e-05
2.577458872110582888e-05
1.804025305318646133e-05
2.621587736939545721e-05
1.634514956094790250e-05
3.860891229123808444e-05
1.417852945451159030e-05
2.600245534267742187e-05
3.284217382315546274e-05
1.521141439297934994e-05
1.869786319730337709e-05
1.300666190218180418e-05
1.999856431211810559e-05
1.613329004612751305e-05
2.827596617862582207e-03
2.070210757665336132e-05
1.394724040437722579e-05
1.460900966776534915e-05
2.292664721608161926e-03
2.257692722196225077e-05
3.639990609372034669e-05
4.184467252343893051e-05
5.004222475690767169e-05
1.477821206208318472e-05
2.630741073517128825e-05
3.651111182989552617e-05
3.277944779256358743e-05
1.921400144055951387e-05
2.350850627408362925e-05
2.501059134374372661e-05
1.796202377590816468e-05
2.689830027520656586e-03
1.953265200427267700e-05
2.737064845860004425e-03
1.322262323810718954e-05
2.120518911397084594e-05
3.625097815529443324e-05
2.882422631955705583e-05
2.773608503048308194e-05
1.251101002708310261e-05
1.554573464090935886e-05
1.541006167826708406e-05
3.296643990324810147e-05
2.563025554991327226e-05
3.141443812637589872e-05
8.505716687068343163e-05
1.143469216913217679e-05
1.806131513149011880e-05
2.283187117427587509e-03
3.116656080237589777e-05
2.021730688284151256e-05
3.314575587864965200e-05
2.467860394972376525e-05
1.706016337266191840e-05
2.468258571752812713e-05
4.639854523702524602e-05
3.003946949320379645e-05
2.009840864047873765e-05
2.988490814459510148e-05
2.468927959853317589e-05
4.161610922892577946e-05
2.599591971375048161e-05
2.907752786995843053e-05
1.796842479961924255e-05
1.675279963819775730e-05
1.807832268241327256e-05
2.830777702911291271e-05
7.904837257228791714e-04
2.761738141998648643e-03
1.368188077321974561e-05
1.098807661037426442e-05
1.794853778847027570e-05
1.062476439983583987e-05
3.696887506521306932e-05
3.047613063245080411e-05
1.362761122436495498e-05
1.816199255699757487e-05
1.957380300154909492e-05
1.956337655428797007e-05
1.343414533039322123e-05
2.013977064052596688e-05
3.065683267777785659e-05
2.940891681646462530e-05
1.876152964541688561e-05
2.669597961357794702e-05
4.442132922122254968e-05
1.599422648723702878e-05
2.178758586524054408e-05
4.820411413675174117e-05
2.287995084770955145e-05
2.286578273924533278e-05
1.806891486921813339e-05
1.459222130506532267e-05
1.459312079532537609e-05
1.459215764043619856e-05
1.149889198131859303e-03
1.635863372939638793e-05
3.955458669224753976e-05
2.279819636896718293e-05
2.274279904668219388e-05
1.750638330122455955e-05
2.871921969926916063e-05
3.084413765463978052e-05
2.133556517946999520e-05
1.581688593432772905e-05
1.756667006702627987e-05
2.983252852573059499e-05
2.851191966328769922e-04
2.326002322661224753e-05
2.963971019198652357e-05
2.535573185014072806e-05
2.245649011456407607e-05
2.038146158156450838e-05
2.717098686844110489e-05
4.168780287727713585e-05
2.454394707456231117e-03
2.494666478014551103e-05
2.135256545443553478e-05
1.588604027347173542e-05
1.497503853897796944e-05
4.098837962374091148e-05
2.896364276239182800e-05
1.479645015933783725e-05
4.138501026318408549e-05
2.196036075474694371e-05
2.459291499690152705e-05
3.151327109662815928e-05
1.985132985282689333e-05
2.555925857450347394e-05
9.603849321138113737e-05
3.183004810125567019e-05
3.585380909498780966e-05
3.293696499895304441e-05
3.457565253484062850e-05
2.034175122389569879e-04
2.885943649744149297e-05
2.717372262850403786e-05
4.568656368064694107e-05
1.818316559365484864e-05
1.449323190172435716e-05
1.080311540135880932e-05
2.097482683893758804e-05
2.418111762381158769e-05
3.748852759599685669e-03
2.281349770782981068e-05
1.350864840787835419e-05
1.931162114487960935e-05
1.078808600141201168e-05
3.127011586911976337e-05
4.342204920249059796e-05
2.252783087897114456e-05
3.328968523419462144e-05
3.323579221614636481e-05
1.859668918768875301e-05
3.395220483071170747e-05
6.006913026794791222e-04
2.246342955913860351e-05
2.258038693980779499e-05
2.179547846026252955e-05
1.860224256233777851e-05
2.040261642832774669e-05
3.742079570656642318e-05
5.500638857483863831e-03
1.769567279552575201e-05
2.033938653767108917e-05
1.966795025509782135e-05
2.946576569229364395e-05
1.684783637756481767e-05
2.779780152195598930e-05
2.935623706434853375e-05
2.164680699934251606e-05
1.979007902264129370e-05
1.984787377296015620e-05
3.170301715726964176e-05
2.253963430121075362e-05
3.418756386963650584e-05
2.834294900821987540e-05
1.759212500473950058e-05
2.218038207502104342e-05
2.301971471752040088e-05
4.871929195360280573e-05
5.100508220493793488e-03
2.748926868662238121e-03
1.773958683770615608e-05
1.629315556783694774e-05
2.852422585419844836e-05
2.256057814520318061e-05
2.022640001086983830e-05
1.939048888743855059e-05
2.258480708405841142e-05
1.843260542955249548e-05
2.122551268257666379e-05
2.486448101990390569e-05
1.933659950736910105e-05
1.785071799531579018e-05
1.766936475178226829e-05
1.534966577310115099e-05
1.350373804598348215e-05
3.120317342109046876e-05
1.685816096141934395e-05
3.928730802726931870e-05
2.878456143662333488e-05
2.658238372532650828e-05
2.281563683936838061e-05
1.974586484720930457e-05
3.704523624037392437e-05
3.002999073942191899e-05
2.916549055953510106e-05
2.850350756489206105e-05
1.722392516967374831e-05
1.923571289808023721e-05
2.065432090603280813e-05
1.958735629159491509e-05
1.585681457072496414e-05
3.754167119041085243e-05
1.075770633178763092e-04
2.974671224365010858e-05
2.203290023317094892e-05
2.730216132476925850e-03
2.587219751148950309e-05
1.596716538188047707e-05
1.567016806802712381e-05
1.999472078750841320e-05
3.910656596417538822e-05
1.488669477112125605e-05
2.602533095341641456e-05
1.768329821061342955e-05
3.610655403463169932e-05
3.401751018827781081e-05
2.969537672470323741e-05
2.273033533128909767e-05
2.034438541159033775e-03
3.123370333923958242e-05
5.502602289197966456e-05
2.481706360413227230e-05
1.595665708009619266e-05
2.640880120452493429e-05
1.794204035832080990e-05
2.164556099160108715e-05
1.796600918169133365e-05
2.751999818428885192e-05
1.676032115938141942e-05
4.259284833096899092e-05
3.198422564310021698e-05
1.676354440860450268e-05
2.570933247625362128e-05
2.052844320132862777e-05
1.773400435922667384e-05
3.640901559265330434e-05
3.808475594269111753e-05
3.846408799290657043e-05
2.149303691112436354e-05
2.479842623870354146e-05
3.744064088095910847e-05
2.907069210777990520e-05
2.508753277652431279e-05
2.836493695212993771e-05
2.691301233426202089e-05
1.481487925047986209e-05
1.350618549622595310e-05
1.955740663106553257e-05
2.424401463940739632e-05
1.948139833984896541e-05
2.089924964820966125e-05
2.486180710548069328e-05
2.978089287353213876e-05
1.622827221581246704e-05
1.611109109944663942e-05
1.593766137375496328e-05
1.532361602585297078e-05
2.936651799245737493e-05
1.516016163805034012e-05
1.766614150255918503e-05
1.922535375342704356e-05
2.874340629205107689e-03
1.994264312088489532e-05
3.303691482869908214e-05
2.352292722207494080e-05
3.531411493895575404e-05
1.647566932660993189e-05
3.286972423666156828e-05
2.477268208167515695e-05
7.889010703365784138e-06
3.285986895207315683e-05
2.504728217900265008e-05
3.897207716363482177e-05
3.318421659059822559e-05
1.317755322816083208e-05
1.317975966230733320e-05
3.622096846811473370e-05
1.976125349756330252e-05
1.540119774290360510e-05
1.322230673395097256e-05
2.005635542445816100e-05
3.412429578020237386e-05
3.282461329945363104e-05
3.282651596236974001e-05
3.282328179921023548e-05
2.281801062054000795e-05
2.004885391215793788e-05
2.264726208522915840e-05
3.328723323647864163e-05
2.814950130414217710e-05
3.162758002872578800e-05
3.041229683731216937e-05
4.415266448631882668e-05
3.536203439580276608e-05
3.443030800553970039e-05
3.529610694386065006e-05
3.741171167348511517e-05
3.363533323863521218e-05
2.118041447829455137e-05
3.077862129430286586e-05
3.756971273105591536e-05
2.273125755891669542e-05
1.317613441642606631e-05
4.172697299509309232e-05
3.973457569372840226e-05
2.748719649389386177e-03
1.390530269418377429e-05
2.461274743836838752e-05
9.037367254495620728e-02
2.352400952077005059e-05
3.086937067564576864e-05
2.950010093627497554e-05
3.392541839275509119e-05
2.663223131094127893e-05
2.213798325101379305e-05
3.178146653226576746e-05
1.595932917553000152e-05
1.595944195287302136e-05
4.659283149521797895e-05
6.079323065932840109e-05
2.990484608744736761e-05
4.118591823498718441e-05
3.341694900882430375e-05
4.713198359240777791e-05
3.773664138861931860e-05
1.793372939573600888e-05
7.734074606560170650e-04
2.405273880867753178e-05
2.203786512836813927e-03
5.669164238497614861e-05
2.756275353021919727e-05
2.130256325472146273e-05
2.752858927124179900e-05
2.042450978478882462e-05
2.604340079415123910e-05
1.615310429770033807e-05
1.455245001125149429e-05
3.248089706175960600e-05
3.748756353161297739e-05
5.839145524078048766e-05
3.324222052469849586e-05
1.795573007257189602e-05
2.293354373250622302e-05
2.292221324751153588e-05
3.932766776415519416e-05
3.042981734324712306e-05
4.247694960213266313e-05
2.303298242622986436e-05
2.737757517024874687e-03
2.463700548105407506e-05
1.632407838769722730e-05
1.629804683034308255e-05
1.794481249817181379e-05
1.642031929804943502e-05
1.740388506732415408e-05
3.221609222237020731e-05
2.626767491165082902e-05
2.319122722838073969e-05
5.360960494726896286e-05
2.050290095212403685e-05
1.692309160716831684e-05
2.863327608793042600e-05
2.418992335151415318e-05
2.171527376049198210e-05
2.804131509037688375e-05
1.791807881090790033e-05
3.596862370613962412e-05
2.447823862894438207e-05
1.950088517332915217e-05
1.950532168848440051e-05
5.089276601211167872e-05
1.930276994244195521e-05
1.955592597369104624e-05
1.775071359588764608e-05
1.501466340414481238e-05
1.799307210603728890e-05
3.048209691769443452e-05
3.887035927618853748e-05
3.185768218827433884e-05
2.179502007493283600e-05
3.102996561210602522e-05
1.761669591360259801e-05
3.118114909739233553e-05
1.674034319876227528e-05
2.774201857391744852e-05
5.140059874975122511e-05
1.708405943645630032e-05
3.257762728026136756e-05
3.251617090427316725e-05
3.290533641120418906e-05
2.731228480115532875e-03
2.323857552255503833e-05
2.290369047841522843e-05
3.652418672572821379e-05
2.547147050790954381e-05
1.443999553885078058e-05
1.341230290563544258e-05
1.330707982560852543e-05
2.929082438640762120e-05
3.462125459918752313e-05
3.329166429466567934e-05
2.280624357808846980e-05
2.130668326572049409e-05
1.536821582703851163e-05
2.246048643428366631e-05
2.018935811065603048e-05
1.532932219561189413e-05
2.921943632827606052e-05
9.622604920878075063e-06
2.937936187663581222e-05
2.596113336039707065e-05
2.584314825071487576e-05
1.117282663471996784e-03
3.946726428694091737e-05
5.963441435596905649e-05
2.282635541632771492e-03
3.571500565158203244e-05
1.340839116892311722e-05
3.303678386146202683e-05
3.631630170275457203e-05
2.262081216031219810e-05
1.266464823856949806e-05
2.354187563469167799e-05
2.166576268791686743e-05
2.387586209806613624e-05
1.618630813027266413e-05
2.238096931250765920e-05
1.225065079779596999e-05
1.114379756472771987e-05
3.599346382543444633e-05
1.125511880673002452e-05
2.924507680290844291e-05
3.761212065001018345e-05
4.094555697520263493e-05
3.086203651037067175e-05
3.239703801227733493e-05
1.610698382137343287e-05
2.131204200850334018e-05
1.902530857478268445e-05
1.648004035814665258e-05
3.366536475368775427e-05
2.756903813860844821e-05
2.781717375910375267e-05
3.182972432114183903e-05
2.891846997954417020e-05
2.712008608796168119e-05
8.050819742493331432e-04
1.494900334364501759e-05
1.494900334364501759e-05
1.499045720265712589e-05
1.751222407619934529e-05
2.480592411302495748e-05
3.727650255314074457e-05
1.377847092953743413e-05
1.378443175781285390e-05
1.957194581336807460e-05
2.975046299980022013e-05
2.931199014710728079e-05
2.599205072328913957e-05
1.771621464285999537e-05
2.746385871432721615e-05
4.256951069692149758e-05
2.192501211538910866e-03
3.910023951902985573e-05
3.507648216327652335e-05
1.592405351402703673e-05
1.707323281152639538e-05
2.506044074834790081e-05
2.970322020701132715e-05
1.917985173349734396e-05
4.098880890524014831e-05
1.565230195410549641e-05
1.145145506598055363e-03
9.661055628384929150e-06
1.964227340067736804e-05
1.962922578968573362e-05
1.102482565329410136e-05
1.003895613393979147e-05
1.807314401958137751e-05
2.298989420523867011e-05
2.444339683279395103e-03
3.861838922603055835e-05
3.025133446499239653e-05
3.457361526670865715e-05
1.388696728099603206e-05
3.252318492741324008e-05
2.746151527389883995e-03
1.738080754876136780e-05
2.793847306747920811e-05
1.951967715285718441e-05
3.443543391767889261e-05
1.370543304801685736e-05
3.372813807800412178e-05
2.104206760122906417e-05
1.518658336863154545e-05
1.349410285911289975e-05
1.989421252801548690e-05
3.888514038408175111e-05
1.302369309996720403e-05
1.642045572225470096e-05
2.879791893064975739e-03
1.993173646042123437e-05
2.410687011433765292e-05
2.940479680546559393e-05
2.582924935268238187e-05
3.478995131445117295e-05
1.812411755963694304e-05
1.810920002753846347e-05
1.340045855613425374e-05
2.273453355883248150e-05
2.648151894391048700e-05
2.643989319039974362e-05
2.461776784912217408e-05
2.931471317424438894e-05
1.532020178274251521e-05
3.164853114867582917e-05
1.521387002867413685e-05
2.772306834231130779e-05
3.438048224779777229e-05
2.574857171566691250e-05
2.929300171672366560e-05
1.814246024878229946e-05
4.229526166454888880e-05
2.764784221653826535e-05
4.014706064481288195e-05
1.746195630403235555e-05
2.269942888233345002e-05
5.170404256205074489e-05
2.251014120702166110e-05
3.102716800640337169e-05
8.856120075506623834e-06
2.569592834333889186e-05
1.721682565403170884e-05
2.664711792021989822e-05
2.386366941209416837e-05
2.139867683581542224e-05
1.650617014092858881e-05
9.509682058705948293e-06
1.474275359214516357e-05
2.109625711455009878e-05
2.286336530232802033e-05
2.593704266473650932e-05
1.722460365272127092e-05
2.406784915365278721e-05
2.299393963767215610e-05
3.396088504814542830e-05
1.399770826537860557e-05
1.527524727862328291e-05
1.660082489252090454e-05
3.003099118359386921e-05
2.997832416440360248e-05
2.930374648713041097e-05
2.738360853982158005e-05
1.805533247534185648e-05
3.017680319317150861e-05
2.354076059418730438e-05
2.500717528164386749e-05
3.924817792722024024e-05
1.598538801772519946e-05
2.479479189787525684e-05
2.479479189787525684e-05
3.058356742258183658e-05
2.234300518466625363e-05
3.572400964912958443e-05
4.115766932955011725e-05
2.022831358772236854e-05
2.004448106163181365e-05
2.752823638729751110e-05
2.460967880324460566e-05
1.678003718552645296e-05
1.932641134771984071e-05
2.437988769088406116e-05
3.304328129161149263e-05
3.470846786512993276e-05
3.965925498050637543e-05
1.950550722540356219e-05
1.172118754766415805e-05
1.471380801376653835e-05
2.829547738656401634e-03
4.277824700693599880e-05
6.042151653673499823e-05
2.541956382628995925e-05
1.644539224798791111e-05
1.645152588025666773e-05
1.810795947676524520e-05
1.741207051964011043e-05
2.263823262182995677e-05
1.098831398849142715e-05
2.755152294412255287e-03
2.253549610031768680e-05
2.017716906266286969e-05
3.592656503315083683e-05
2.842463618435431272e-05
2.570122705947142094e-05
2.617596510390285403e-05
2.701843368413392454e-05
3.877853669109754264e-05
2.589395262475591153e-05
1.679319939285051078e-05
3.903259494109079242e-05
3.903259494109079242e-05
2.819550689309835434e-03
4.314725811127573252e-05
4.314725811127573252e-05
1.933853855007328093e-05
2.113203663611784577e-05
2.852329453162383288e-05
3.239051875425502658e-05
1.938897003128658980e-05
3.303237826912663877e-05
2.132582449121400714e-05
1.945437907124869525e-05
2.258077802252955735e-05
2.374214273004326969e-05
2.416166717011947185e-05
1.984005757549311966e-05
2.920311635534744710e-05
2.895709621952846646e-05
3.653785097412765026e-05
4.320567313698120415e-05
3.057519279536791146e-05
3.058871152461506426e-05
2.077644239761866629e-05
9.572583621775265783e-06
2.982195837830659002e-05
2.456559013808146119e-05
4.176295260549522936e-05
2.585565380286425352e-05
2.557734296715352684e-05
1.808384513424243778e-05
2.505083284631837159e-05
4.383821578812785447e-05
3.024023681064136326e-05
3.318500966997817159e-05
3.259020377299748361e-05
3.135219958494417369e-05
3.149417898384854198e-05
2.777656482066959143e-05
3.344958895468153059e-05
3.171302887494675815e-05
3.353739884914830327e-05
6.463121826527640224e-05
5.487352245836518705e-05
3.319113238831050694e-05
5.130249337526038289e-05
3.305306017864495516e-05
1.861712189565878361e-05
1.840637378336396068e-05
1.961486304935533553e-05
1.582138975209090859e-05
6.424855382647365332e-05
2.118558768415823579e-05
2.593793578853365034e-05
1.562830948387272656e-05
2.963202496175654233e-05
3.522931729094125330e-05
2.913361095124855638e-05
3.430911601753905416e-05
3.333759377710521221e-05
3.500037200865335763e-05
3.621511496021412313e-05
3.406484393053688109e-05
2.599591425678227097e-05
1.607811282156035304e-05
1.529905966890510172e-05
2.727679930103477091e-05
1.631321356398984790e-05
1.638875619391910732e-05
2.288280302309431136e-05
1.781305400072596967e-05
1.781303399184253067e-05
1.898537811939604580e-05
1.240458823303924873e-05
3.186386675224639475e-05
3.874409594573080540e-05
1.480963874200824648e-05
2.234961903013754636e-05
2.478242640790995210e-05
2.215475069533567876e-05
2.103454426105599850e-05
2.214081541751511395e-05
2.972936636069789529e-05
1.870758933364413679e-05
1.870503183454275131e-05
1.870895175670739263e-05
1.695105493126902729e-05
2.050532930297777057e-05
2.834575752785895020e-05
2.001915709115564823e-05
1.805726060410961509e-05
1.955262450792361051e-05
2.819848305080085993e-05
5.743727670051157475e-04
2.261394911329261959e-05
2.264367140014655888e-05
2.269052674819249660e-05
2.036455043707974255e-05
1.829453867685515434e-05
2.313965160283260047e-05
2.561174005677457899e-05
2.876342841773293912e-05
3.012224442500155419e-05
3.787886453210376203e-05
1.274908845516620204e-05
2.838538261130452156e-03
3.022155397047754377e-05
2.923793908848892897e-05
1.459209670429117978e-05
1.479104503232520074e-05
1.451826756238006055e-05
3.224164174753241241e-05
2.905171277234330773e-05
2.021626460191328079e-05
2.138776653737295419e-05
1.616127883607987314e-05
1.759539918566588312e-05
3.034798464796040207e-05
1.984891787287779152e-05
2.678913369891233742e-05
2.673705967026762664e-05
3.247545464546419680e-05
3.665251279016956687e-05
3.562343408702872694e-05
2.971601497847586870e-05
3.164517693221569061e-05
2.413336733297910541e-05
3.753539203898981214e-05
2.305246016476303339e-05
3.106286385445855558e-05
3.241552622057497501e-05
1.459327813790878281e-05
1.260880981135414913e-05
1.323223568761022761e-05
1.260598583030514419e-05
1.189907561638392508e-05
1.199959842779207975e-05
1.759645056154113263e-05
2.783243326121009886e-05
4.720688230008818209e-05
2.144420977856498212e-05
2.489364669600035995e-05
2.736681839451193810e-03
2.251512887596618384e-05
1.332322335656499490e-05
3.215398464817553759e-05
3.821729114861227572e-05
1.775506098056212068e-05
2.432568908261600882e-05
1.578563205839600414e-05
1.298610550293233246e-05
1.672285543463658541e-05
2.784092794172465801e-05
3.888655191985890269e-05
1.553698530187830329e-05
1.892386353574693203e-05
2.339192360523156822e-05
2.473529093549586833e-05
2.148798193957190961e-05
2.499282163626048714e-05
1.268777214136207476e-05
4.056524630868807435e-05
2.404376391496043652e-05
3.195496174157597125e-05
3.411775105632841587e-05
3.026814738404937088e-05
6.095516728237271309e-04
6.944385677343234420e-05
2.403941289230715483e-05
3.570072658476419747e-05
2.834247425198554993e-05
6.398325058398768306e-05
7.443793583661317825e-05
3.456955528235994279e-05
1.642362440179567784e-05
1.623458410904277116e-05
1.589069142937660217e-05
1.587941915204282850e-05
5.643042459269054234e-05
1.725257243379019201e-05
1.922361479955725372e-05
2.293279612786136568e-05
1.938950481417123228e-05
3.535966607159934938e-05
2.364017018408048898e-05
1.555158451083116233e-05
1.877231443359050900e-05
2.353645140829030424e-05
2.609649345686193556e-05
1.944651921803597361e-05
3.544763239915482700e-05
3.016465780092403293e-05
1.383798098686384037e-05
2.379565194132737815e-05
2.842823276296257973e-03
1.803867053240537643e-05
1.961015732376836240e-05
1.962094574992079288e-05
1.637172499613370746e-05
1.950304067577235401e-05
1.950304067577235401e-05
2.875744394259527326e-05
3.369950718479231000e-05
1.973365033336449414e-05
1.959844848897773772e-05
6.641856452915817499e-05
6.915657431818544865e-04
1.763674117682967335e-05
1.714249083306640387e-05
1.459285067539894953e-05
1.474524015065981075e-05
2.182753451052121818e-05
2.357514495088253170e-05
2.090863199555315077e-05
1.935141481226310134e-04
3.441834633122198284e-05
1.315537247137399390e-05
2.335932913410943002e-05
1.108378910430474207e-05
1.422744662704644725e-05
2.478318492649123073e-05
1.160565443569794297e-04
3.177974213031120598e-05
2.239240893686655909e-05
2.799785761453676969e-05
3.309704334242269397e-05
2.489141297701280564e-05
1.786485336197074503e-05
3.175351594109088182e-05
2.616500387375708669e-05
4.172827539150603116e-05
2.954932460852432996e-05
4.198501119390130043e-05
1.819733006414026022e-05
4.369855014374479651e-05
4.498233829508535564e-05
2.771550862235017121e-05
3.112344711553305387e-05
2.742414835665840656e-05
4.631790579878725111e-05
3.055232809856534004e-05
2.411571767879649997e-05
1.794589661585632712e-05
3.926930367015302181e-05
4.247161268722265959e-05
1.637411332922056317e-05
1.956064988917205483e-05
1.957316635525785387e-05
1.960826011782046407e-05
2.178785871365107596e-05
2.437713192193768919e-05
2.707073930650949478e-03
2.267475792905315757e-05
3.792979623540304601e-05
4.420671029947698116e-05
3.331691186758689582e-05
3.293150075478479266e-05
8.571042599214706570e-06
2.272451092721894383e-05
1.609615173947531730e-05
1.694742240943014622e-05
2.328942537133116275e-05
2.489076723577454686e-05
2.202736504841595888e-05
1.968493052117992193e-05
3.029484651051461697e-05
3.000907054229173809e-05
3.228300192859023809e-05
1.646954660827759653e-05
4.957836790708824992e-05
7.703942246735095978e-04
1.673822589509654790e-05
2.442319419060368091e-05
2.606112138892058283e-05
3.220758662791922688e-05
3.439362626522779465e-05
2.665907777554821223e-05
2.205124656029511243e-05
3.384913725312799215e-05
2.868033880076836795e-05
2.287359529873356223e-05
1.496785989729687572e-05
3.608366387197747827e-05
3.000731521751731634e-05
2.894644967454951257e-05
3.603481309255585074e-05
3.347706297063268721e-05
2.662165090441703796e-03
1.667464130150619894e-05
1.743877692206297070e-05
3.386500611668452621e-05
2.639193371578585356e-05
1.551775858388282359e-05
1.551859713799785823e-05
3.550446854205802083e-05
2.399930599494837224e-05
2.179317409172654152e-03
6.563728675246238708e-05
1.354146843368653208e-05
1.980984052352141589e-05
2.441362266836222261e-05
2.832729835063219070e-03
2.760052120720501989e-05
3.773982098209671676e-05
2.550565841374918818e-05
1.747351780068129301e-05
2.754746310529299080e-05
1.369586243527010083e-05
3.353711872478015721e-05
2.818050234054680914e-05
1.182585492642829195e-05
4.499005081015639007e-05
1.659159352129790932e-05
1.608664206287357956e-05
2.884313653339631855e-05
2.250708530482370406e-05
3.630039282143115997e-05
1.497305311204399914e-05
4.116546551813371480e-05
2.862238325178623199e-03
6.771217158529907465e-05
1.008626895782072097e-05
1.264022375835338607e-05
2.336863144591916353e-05
1.517818964202888310e-05
2.019230123551096767e-05
4.102019374840892851e-05
3.472943717497400939e-05
2.885469803004525602e-05
3.397815817152149975e-05
8.994345989776775241e-05
4.900875137536786497e-05
3.606780956033617258e-05
3.176157042616978288e-05
4.865218943450599909e-05
3.258451033616438508e-05
2.671966649359092116e-05
3.416081017348915339e-05
1.256082905456423759e-04
2.881556065403856337e-05
2.596895319584291428e-05
5.264819264994002879e-05
1.149657648056745529e-03
4.991690730093978345e-05
1.941535629157442600e-05
3.511172690195962787e-05
1.427898587280651554e-05
2.086238964693620801e-05
2.896541445807088166e-05
1.537368007120676339e-05
2.286381459271069616e-05
1.967973184946458787e-05
1.139903815783327445e-05
1.957534732355270535e-05
2.128864616679493338e-05
1.840521508711390197e-05
2.938865509349852800e-05
2.130832035618368536e-05
2.271092489536385983e-05
4.344190892879851162e-05
1.859956319094635546e-05
1.821022488002199680e-05
1.812146911106538028e-05
2.057233723462559283e-05
2.130010034306906164e-05
3.991505582234822214e-05
2.141829827451147139e-05
1.506005537521559745e-05
1.638000321690924466e-05
7.389375969069078565e-05
4.782866744790226221e-05
1.740009247441776097e-05
1.611509833310265094e-05
1.939047251653391868e-05
1.696451727184467018e-05
2.100836172758135945e-05
1.934882311616092920e-05
3.378873225301504135e-05
1.821308978833258152e-05
3.334527718834578991e-05
1.436229376849951223e-05
1.563040495966561139e-05
1.644204348849598318e-05
2.119650525855831802e-05
1.847208295657765120e-05
2.271164157718885690e-05
2.032156771747395396e-05
2.113860682584345341e-05
6.124917854322120547e-05
1.979287480935454369e-05
2.755713467195164412e-05
2.085056439682375640e-05
3.250260851928032935e-05
3.281450699432753026e-05
2.807384407788049430e-05
1.770237031450960785e-05
1.793260889826342463e-05
2.173127177229616791e-05
1.571711072756443173e-05
2.611651143524795771e-05
1.902054827951360494e-05
1.902080111904069781e-05
1.126675197156146169e-04
2.830256562447175384e-05
3.293591362307779491e-05
4.352079486125148833e-05
1.733948010951280594e-05
3.152084900648333132e-05
1.423960839019855484e-05
1.227895700139924884e-05
1.273535144719062373e-05
2.258275708300061524e-05
1.450496529287192971e-05
1.691610304987989366e-05
2.777214467641897500e-05
3.090246173087507486e-05
3.102419941569678485e-05
3.586371531127952039e-05
2.398865944996941835e-05
3.140406261081807315e-05
2.838102227542549372e-05
1.994373997149523348e-05
4.230316699249669909e-05
1.557408722874242812e-05
2.827311254804953933e-05
1.789788075257092714e-05
2.310675699845887721e-05
4.105246262042783201e-05
2.095321724482346326e-05
5.275324656395241618e-05
3.027308594027999789e-05
3.290735548944212496e-05
1.508180230302968994e-05
2.130903885699808598e-05
2.720258453337009996e-05
2.271943412779364735e-05
1.604755561857018620e-05
2.832727739587426186e-03
2.515326923457905650e-05
3.750478936126455665e-05
2.696367446333169937e-03
1.686628093011677265e-05
1.646907003305386752e-05
1.489712485636118799e-05
1.059520491253351793e-05
4.838813765672966838e-05
4.261771755409426987e-05
5.574562819674611092e-04
3.211843068129383028e-05
1.367510594718623906e-05
3.454350007814355195e-05
3.560840195859782398e-05
2.667451735760550946e-05
1.889937993837520480e-05
1.866369711933657527e-05
1.862612589320633560e-05
2.280237094964832067e-05
2.672395748959388584e-05
6.616383907385170460e-04
1.945860094565432519e-05
4.161190372542478144e-05
3.892058521159924567e-05
2.033946293522603810e-05
2.412908179394435138e-05
2.335229510208591819e-05
2.937675162684172392e-05
2.306927126483060420e-05
2.755783134489320219e-05
3.902471871697343886e-05
3.171413118252530694e-05
1.497152879892382771e-05
2.189704173360951245e-05
2.495748412911780179e-05
1.315495410381117836e-05
3.449209179962053895e-05
9.254880751541350037e-06
1.689392229309305549e-05
2.517404936952516437e-05
1.921295006468426436e-05
2.117023723258171231e-05
2.264545764774084091e-05
5.757611506851390004e-05
3.026272679562680423e-05
2.792705527099315077e-05
1.802738916012458503e-05
3.618250775616616011e-05
2.968035914818756282e-05
2.968114677059929818e-05
3.083590490859933197e-05
2.280753142258618027e-05
2.027392292802687734e-05
3.756486330530606210e-05
2.263669011881574988e-05
1.255696588486898690e-05
2.594855504867155105e-05
3.815842137555591762e-05
3.026681588380597532e-05
1.731100201141089201e-05
2.782196679618209600e-05
2.797564491629600525e-03
1.835260263760574162e-05
2.554418097133748233e-05
2.757813854259438813e-05
2.978106749651487917e-05
1.335818160441704094e-05
1.602586053195409477e-05
1.378034903609659523e-05
1.331255134573439136e-05
2.500731898180674762e-05
2.697520903893746436e-05
1.459383292967686430e-05
2.744041557889431715e-05
2.146635779354255646e-05
2.745750680333003402e-05
1.681727007962763309e-05
1.812685695767868310e-05
2.261567715322598815e-04
2.836245766957290471e-05
2.475391193001996726e-05
1.524816434539388865e-05
1.874201188911683857e-05
3.132608981104567647e-05
1.095755396818276495e-05
2.585415859357453883e-05
3.247397035011090338e-05
2.620153463794849813e-05
3.368760008015669882e-05
3.368760008015669882e-05
2.244076131319161505e-05
2.411530113022308797e-05
3.340843977639451623e-05
3.726184877450577915e-05
4.715011164080351591e-05
2.851502540579531342e-05
2.856396349670831114e-05
3.894082692568190396e-05
1.311151936533860862e-05
1.564267222420312464e-05
2.200840026489458978e-05
2.891201620514038950e-05
7.535247132182121277e-04
4.627102316590026021e-05
3.928798469132743776e-05
3.387617107364349067e-05
1.920595423143822700e-05
4.940909639117307961e-05
1.816536860133055598e-05
3.641330476966686547e-05
1.943198185472283512e-05
2.785418109851889312e-05
2.968475382658652961e-05
3.239189027226530015e-05
3.239717989345081151e-05
3.810964699368923903e-05
6.483827746706083417e-05
3.550653127604164183e-05
1.351971761323511600e-03
2.670185494935140014e-05
4.560031084110960364e-05
3.370788181200623512e-05
3.772435957216657698e-05
3.816109528997913003e-05
5.903027704334817827e-05
4.572830221150070429e-05
3.187665788573212922e-05
4.694619929068721831e-05
3.032713902939576656e-05
3.042206117243040353e-05
3.309186649858020246e-05
1.810670437407679856e-05
5.103572621010243893e-04
3.535142968758009374e-05
1.943368624779395759e-05
3.594079680624417961e-05
1.441561289539095014e-05
2.963029510283377022e-05
2.709147884161211550e-05
3.074098276556469500e-05
3.086723518208600581e-05
2.512482024030759931e-05
2.990363100252579898e-05
2.985197170346509665e-05
6.014199607307091355e-05
1.670635538175702095e-05
1.852603600127622485e-05
2.888444214477203786e-05
3.578854375518858433e-05
2.872652141377329826e-03
2.146536280633881688e-05
2.397116804786492139e-05
1.806895670597441494e-05
1.748015165503602475e-05
1.258031443285290152e-05
2.056304037978406996e-05
2.935046722996048629e-05
2.077332283079158515e-05
2.210798447777051479e-05
3.104994902969338000e-05
2.481646515661850572e-05
7.196623482741415501e-05
3.093649502261541784e-05
3.095235297223553061e-05
3.095235297223553061e-05
5.227567089605145156e-05
2.502926690794993192e-05
1.761538987921085209e-05
3.482596366666257381e-05
3.591328277252614498e-05
4.009599433629773557e-05
3.887081402353942394e-05
2.503719224478118122e-05
1.335505112365353853e-05
2.534729537728708237e-05
2.560334723966661841e-05
2.278502506669610739e-05
1.470868483011145145e-05
1.816914300434291363e-05
1.713091842248104513e-05
2.982006117235869169e-05
1.624498872843105346e-05
2.143900746887084097e-05
2.502570350770838559e-05
2.993858470290433615e-05
1.734675061015877873e-05
2.913448042818345129e-05
1.616731242393143475e-05
2.231807593489065766e-05
1.741820415190886706e-05
1.736357080517336726e-05
2.801328082568943501e-05
4.075825563631951809e-05
1.877335671451874077e-05
2.763669363048393279e-05
2.828061224136035889e-05
1.508393688709475100e-05
2.776433211693074554e-05
3.522300539771094918e-05
3.491268216748721898e-05
1.692765545158181340e-05
4.003162757726386189e-05
3.065715645789168775e-05
2.068573667202144861e-05
1.667578362685162574e-05
2.055881122942082584e-05
1.783371590136084706e-05
3.352996645844541490e-05
2.017012593569234014e-05
4.963241372024640441e-05
3.658348578028380871e-05
2.906481131503824145e-05
2.725862395891454071e-05
1.449945102649508044e-05
1.571775283082388341e-05
2.287426104885526001e-05
5.872235487913712859e-05
1.444604549760697410e-05
2.500889058865141124e-05
3.371033380972221494e-05
3.025178193638566881e-05
1.651324964768718928e-05
2.940606827905867249e-05
1.666870593908242881e-05
2.137749470421113074e-05
2.765246790659148246e-05
1.272048484679544345e-05
2.514789412089157850e-05
1.550295019114855677e-05
2.850233249773737043e-05
1.378200522594852373e-05
1.085713847714941949e-05
1.539917502668686211e-05
2.619808765302877873e-05
3.105567157035693526e-05
3.096344153163954616e-05
3.189778726664371789e-05
4.006469316664151847e-05
3.935309723601676524e-05
2.415361086605116725e-05
3.599227784434333444e-05
3.326458681840449572e-05
2.983579361170995981e-05
2.520478665246628225e-05
2.254321407235693187e-05
1.848058855102863163e-05
2.113873415510170162e-05
3.746984293684363365e-05
2.128617597918491811e-05
2.950570524262730032e-05
2.628655420267023146e-05
3.726680733961984515e-05
7.726081094006076455e-05
2.969564229715615511e-05
1.493573017796734348e-05
1.432928274880396202e-05
1.288161456614034250e-05
1.548747422930318862e-05
1.247617183253169060e-05
2.136304465238936245e-05
2.002813198487274349e-05
2.108579246851149946e-05
3.202547377441078424e-04
2.942465653177350760e-05
2.828330500051379204e-03
3.284673584857955575e-05
1.364302806905470788e-05
2.415946437395177782e-05
1.317566693614935502e-05
3.054863918805494905e-05
2.817606218741275370e-05
2.933007817773614079e-05
1.640137998037971556e-05
1.852834429882932454e-05
3.430467040743678808e-05
1.762367537594400346e-05
1.836396404542028904e-05
1.804396379156969488e-05
2.910244984377641231e-05
2.909028444264549762e-05
1.990859345823992044e-05
1.992202851397451013e-05
3.477136124274693429e-05
7.450741395587101579e-05
3.980757173849269748e-05
3.985072180512361228e-05
2.212886829511262476e-05
2.935180236818268895e-05
3.753790224436670542e-05
4.693033770308829844e-05
2.139784373866859823e-05
2.245911127829458565e-05
3.544486389728263021e-05
4.473471199162304401e-05
1.018732837110292166e-05
3.744589048437774181e-05
9.837057405093219131e-06
4.257369437254965305e-05
2.067863533739000559e-05
2.818606117216404527e-05
1.945502663147635758e-05
5.203159162192605436e-05
1.624917240405920893e-05
1.612384767213370651e-05
3.890554944518953562e-05
3.077778092119842768e-05
1.468052414566045627e-05
1.084364066628040746e-05
1.755955963744781911e-05
2.236207910755183548e-05
2.173273787775542587e-05
1.749871989886742085e-05
1.757226891641039401e-05
1.752334173943381757e-05
2.057272831734735519e-05
2.280069566040765494e-05
1.909888669615611434e-05
2.915652112278621644e-05
1.440115192963276058e-05
3.134314465569332242e-05
2.283594949403777719e-05
2.591094744275324047e-05
3.391482096049003303e-05
2.606879752420354635e-05
3.144871152471750975e-05
2.168785431422293186e-05
1.763637010299135000e-05
8.352170880243647844e-06
1.679798151599243283e-05
1.952483398781623691e-05
1.596832771610934287e-05
4.675540913012810051e-05
2.941977254522498697e-05
2.520436646591406316e-05
1.635840635572094470e-05
2.280116314068436623e-03
2.988543928950093687e-05
2.937039425887633115e-05
1.643251744098961353e-05
2.167514139728154987e-05
2.823496834025718272e-05
2.735719135671388358e-05
2.525133459130302072e-05
2.902010419347789139e-05
3.733354606083594263e-05
1.731239899527281523e-05
2.377155033173039556e-05
1.681581488810479641e-05
3.335351721034385264e-05
1.315454028372187167e-05
2.627584945003036410e-05
3.414382081246003509e-05
2.077855606330558658e-05
1.439642801415175200e-05
2.072803181363269687e-05
3.296859358670189977e-05
1.667634387558791786e-05
1.730180883896537125e-05
2.755066634563263506e-05
3.078712325077503920e-05
2.838002728822175413e-05
9.869020686892326921e-06
2.040161052718758583e-05
2.015598875004798174e-05
4.702783189713954926e-05
2.231093094451352954e-05
2.151517219317611307e-05
2.687723841518163681e-03
2.274327562190592289e-05
5.263421917334198952e-05
4.273496961104683578e-05
3.404093513381667435e-05
4.726558472611941397e-05
3.003472738782875240e-05
3.328771708765998483e-05
9.222738299285992980e-06
2.593799581518396735e-05
2.563687849033158273e-05
2.726882667047902942e-05
1.971843812498264015e-05
2.350722752453293651e-05
2.259514258184935898e-05
1.334197895630495623e-05
3.959771493100561202e-05
1.360997703159227967e-05
1.775198506948072463e-05
1.604509634489659220e-05
2.825525189109612256e-05
1.998344123421702534e-05
3.121151166851632297e-05
5.473216879181563854e-05
2.919638973253313452e-05
2.854356716852635145e-05
2.175446752517018467e-05
2.947852226498071104e-05
3.553593705873936415e-05
1.804982821340672672e-05
1.569286905578337610e-05
1.798454468371346593e-05
1.262421483261277899e-05
4.185229408903978765e-05
7.049184205243363976e-05
1.748592694639228284e-05
1.264139064005576074e-05
1.263076774193905294e-05
3.438561543589457870e-05
3.813851435552351177e-05
2.499778565834276378e-05
2.408928958175238222e-05
2.948025576188229024e-05
3.756023215828463435e-05
1.258067823073361069e-05
2.215280619566328824e-05
1.984650225494988263e-05
1.907930527522694319e-05
1.784716187103185803e-05
2.817335553118027747e-05
1.191882529383292422e-05
1.878786861198022962e-05
2.125488754245452583e-05
2.317285361641552299e-05
5.113505758345127106e-03
3.041282070626039058e-05
2.959561061288695782e-05
2.843185757228638977e-05
1.653937943046912551e-05
5.037814116803929210e-05
4.478218499571084976e-03
2.883387787733227015e-05
2.121323086612392217e-05
2.471863444952759892e-05
9.241291991202160716e-06
1.481660638091852888e-05
2.718428004300221801e-05
1.641355447645764798e-05
2.526175012462772429e-05
1.682739639363717288e-05
1.854529546108096838e-05
1.839499054767657071e-05
3.006404585903510451e-05
2.489137114025652409e-05
1.176616387965623289e-05
1.072911618393845856e-05
2.348612360947299749e-05
3.392728831386193633e-05
1.624235301278531551e-05
1.572561632201541215e-05
1.561482895340304822e-05
1.700050961517263204e-05
2.755035347945522517e-05
1.340473409072728828e-05
4.610680480254814029e-05
1.371836879116017371e-05
3.240282239858061075e-05
1.901827636174857616e-05
2.900896106439176947e-05
1.824856190069112927e-05
2.134492751793004572e-05
2.417767827864736319e-04
2.491137274773791432e-05
9.025393410411197692e-06
2.033928649325389415e-05
2.756350295385345817e-05
2.600379957584664226e-05
2.119546661560889333e-05
3.101687980233691633e-05
1.803506893338635564e-05
3.859995194943621755e-05
2.576263796072453260e-05
2.921613850048743188e-05
3.972967169829644263e-05
3.410435965633951128e-05
2.281819797644857317e-05
2.277953535667620599e-05
2.282321293023414910e-05
2.391949237789958715e-05
2.275224142067600042e-05
1.298629103985149413e-05
2.182029675168450922e-05
3.429138450883328915e-05
1.397032428940292448e-05
1.531087582407053560e-05
2.506152486603241414e-05
3.489614027785137296e-05
1.886567406472750008e-05
1.858158429968170822e-05
2.100720485032070428e-05
3.134338840027339756e-05
1.262385558220557868e-05
3.006573206221219152e-05
3.038220893358811736e-05
1.359344605589285493e-05
2.004982343351002783e-05
2.925262742792256176e-05
2.917930396506562829e-05
2.862018845917191356e-05
2.800217953335959464e-05
2.154405228793621063e-05
2.513449726393446326e-05
2.888859853555914015e-05
2.305814268765971065e-05
2.263457463413942605e-05
3.069022568524815142e-05
2.008183400903362781e-05
2.921129089372698218e-05
3.965112045989371836e-05
1.226135191245703027e-05
1.685126153461169451e-05
3.419310087338089943e-05
1.259492546523688361e-05
3.816453681793063879e-05
2.283940375491511077e-05
4.581353277899324894e-05
1.956868072738870978e-05
2.486515586497262120e-05
2.424167905701324344e-05
2.451135333103593439e-05
1.213972154801012948e-05
3.283883779658935964e-05
3.282626857981085777e-05
3.285221464466303587e-05
1.777800753188785166e-05
1.746035741234663874e-05
1.818917371565476060e-05
2.514168591005727649e-05
3.371927596163004637e-05
2.043922540906351060e-05
3.465164991212077439e-05
2.608613249321933836e-05
1.641080416447948664e-05
2.237677654193248600e-05
2.425572893116623163e-05
3.513460251269862056e-05
3.631473737186752260e-05
2.881470136344432831e-03
1.986487222893629223e-05
2.940580634458456188e-05
1.811206857382785529e-05
2.287207462359219790e-05
2.279764885315671563e-05
1.963688009709585458e-05
2.383040555287152529e-05
1.622624040464870632e-05
2.144161589967552572e-05
3.721339817275293171e-05
3.375897722435183823e-05
3.375897722435183823e-05
3.354853470227681100e-05
3.836502946796827018e-05
3.371408456587232649e-05
1.518792214483255520e-05
2.496424531273078173e-05
8.664301276439800858e-05
2.171831147279590368e-05
2.149391548300627619e-05
3.193791053490713239e-05
1.161409658379852772e-03
1.996788523683790118e-05
1.999255619011819363e-05
2.760524148470722139e-05
2.883707747969310731e-05
2.334934288228396326e-05
1.774126722011715174e-04
2.810964724631048739e-05
1.257933126908028498e-05
1.463270928070414811e-05
3.281580575276166201e-05
2.999645948875695467e-05
1.653353501751553267e-05
8.155270479619503021e-04
2.577657323854509741e-05
1.922509909491054714e-05
1.803547093004453927e-05
2.795990258164238185e-05
1.667385913606267422e-05
3.691721940413117409e-05
1.989838892768602818e-05
1.563275691296439618e-05
2.802530252665746957e-05
2.909541944973170757e-05
4.525318217929452658e-05
1.676226747804321349e-05
2.087517896143253893e-05
3.021803422598168254e-05
2.303270412085112184e-05
2.559830136306118220e-05
3.892950917361304164e-05
2.935765769507270306e-05
2.931820017693098634e-05
1.796181459212675691e-05
1.767362846294417977e-05
2.922198291344102472e-05
1.790601345419418067e-05
3.265972554800100625e-05
2.065244188997894526e-05
2.040126855717971921e-05
2.196540481236297637e-05
1.981635432457551360e-05
2.678273631318006665e-05
1.949371471710037440e-05
2.685117760847788304e-05
1.948667340911924839e-05
2.479242357367184013e-05
2.666783075255807489e-05
1.978985710593406111e-05
2.076303280773572624e-05
2.450456668157130480e-05
1.954629624378867447e-05
2.187228892580606043e-05
2.066476190520916134e-05
3.111809201072901487e-05
2.676562144188210368e-05
2.072470488201361150e-05
2.075158226944040507e-05
2.004402813327033073e-05
3.294167981948703527e-05
2.412130197626538575e-05
1.948046337929554284e-05
3.673979517770931125e-05
2.014330311794765294e-05
3.343910793773829937e-05
1.810961111914366484e-05
1.652865466894581914e-05
8.025770657695829868e-04
2.546919313317630440e-05
2.983165904879570007e-05
3.407339318073354661e-05
3.011635271832346916e-05
3.597754766815342009e-05
2.823605667799711227e-03
4.226014425512403250e-05
1.490913564339280128e-05
3.147798634017817676e-05
1.459220493416069075e-05
2.206094723078422248e-05
2.534900886530522257e-05
2.982995829370338470e-05
3.144864967907778919e-05
1.573100962559692562e-05
1.397223968524485826e-05
1.534744114906061441e-05
1.535806404717732221e-05
2.742310789471957833e-05
3.084166746702976525e-05
3.032517088286112994e-05
3.137523162877187133e-05
2.755135756160598248e-05
1.523627997812582180e-05
3.036079033336136490e-05
1.614258326299022883e-05
1.405626608175225556e-05
5.789670831291005015e-05
2.515259257052093744e-05
2.515259257052093744e-05
5.535256786970421672e-05
2.240204594272654504e-05
2.314188350283075124e-05
1.788806730473879725e-05
2.483279240550473332e-05
2.682168087630998343e-05
2.908327041950542480e-05
2.825597068294882774e-03
2.774826680251862854e-05
3.087360892095603049e-05
2.392219357716385275e-05
2.983006925205700099e-05
3.911030944436788559e-05
2.026072979788295925e-05
1.146305839938577265e-05
2.975103598146233708e-05
1.744918881740886718e-05
2.878124127164483070e-03
2.561965447966940701e-05
2.575734833953902125e-05
2.843100082827731967e-05
2.859010965039487928e-05
3.865816688630729914e-05
1.866000638983678073e-05
3.458189530647359788e-05
3.278986696386709809e-05
1.088370208890410140e-05
3.169196133967489004e-05
2.306335045432206243e-05
2.976152063638437539e-05
2.921293162216898054e-05
2.825340256094932556e-03
6.418921839212998748e-05
2.636246790643781424e-05
2.694812792469747365e-05
2.014633719227276742e-05
2.837399370037019253e-05
3.271836612839251757e-05
2.598294668132439256e-05
2.503483301552478224e-05
3.599294359446503222e-05
2.981283068947959691e-05
2.418886288069188595e-05
3.044917684746906161e-05
2.724115984165109694e-05
3.658841887954622507e-05
2.723967372730839998e-05
2.574014069978147745e-05
2.765728277154266834e-05
1.809343666536733508e-05
1.685987263044808060e-05
4.885554153588600457e-05
2.277499334013555199e-05
2.771887011476792395e-05
3.739719250006601214e-05
2.239469358755741268e-05
3.400891728233546019e-05
5.010420863982290030e-05
2.275989572808612138e-05
2.441088145133107901e-05
2.755237437668256462e-05
1.160055489890510216e-05
2.276246596011333168e-05
2.518760265957098454e-05
3.285913771833293140e-05
2.951323767774738371e-05
2.211520586570259184e-05
2.013514676946215332e-05
2.589929681562352926e-05
2.590830445114988834e-05
2.934250915131997317e-05
1.978751606657169759e-05
2.271099219797179103e-05
2.918244717875495553e-05
3.603946242947131395e-05
2.290619522682391107e-05
1.624902870389632881e-05
1.716127189865801483e-05
2.417520408926066011e-05
3.426236435188911855e-05
1.610463732504285872e-05
2.747895450738724321e-05
2.379272700636647642e-05
3.793343785218894482e-05
2.646087341418024153e-05
1.655404958000872284e-05
3.722203473444096744e-05
3.073323750868439674e-05
2.382155435043387115e-05
1.884722951217554510e-05
1.898766095109749585e-05
3.111478508799336851e-05
8.118682671920396388e-06
1.485415214119711891e-05
3.030887273780535907e-05
2.248095916002057493e-05
3.074571941397152841e-05
2.533785118430387229e-05
2.493640749889891595e-05
2.984528873639646918e-05
3.198073318344540894e-05
3.609473787946626544e-05
1.361853264825185761e-05
1.947984674188774079e-05
2.678394230315461755e-05
2.994476199091877788e-05
3.145040682284161448e-05
1.820276884245686233e-05
2.546360337873920798e-05
1.942744347616098821e-05
3.970649413531646132e-05
4.077180346939712763e-05
3.293982445029541850e-05
2.116541509167291224e-05
2.163600220228545368e-05
2.063079773506615311e-05
2.226734613941516727e-05
2.651350405358243734e-05
3.425665272516198456e-05
3.222552550141699612e-05
3.129242031718604267e-05
2.931242306658532470e-05
2.922345811384730041e-05
2.273849895573221147e-05
1.747727401379961520e-05
1.261338547919876873e-05
1.362869534204946831e-05
3.039656439796090126e-05
1.316280304308747873e-05
2.380606383667327464e-05
4.128758882870897651e-05
2.498725189070682973e-05
1.932586565089877695e-05
3.315915091661736369e-05
2.968032822536770254e-05
2.586923073977231979e-05
2.949624831671826541e-05
1.950816476892214268e-05
2.612071330077014863e-05
3.332044798298738897e-05
2.151239896193146706e-03
7.192504563136026263e-05
3.961423135478980839e-05
2.369165667914785445e-05
3.278826989117078483e-05
2.454653440508991480e-05
2.394435250607784837e-05
2.770029641396831721e-05
1.867643004516139627e-05
2.037517151620704681e-05
2.515087180654518306e-05
4.009976692032068968e-05
1.884647645056247711e-05
1.541297751828096807e-05
4.001452907687053084e-05
2.626818786666262895e-05
2.993457019329071045e-05
3.118353197351098061e-05
1.046843590302160010e-05
2.747462131083011627e-03
6.014999235048890114e-05
2.306277201569173485e-05
4.154838097747415304e-05
2.876216785807628185e-05
2.435293390590231866e-05
1.900802999443840235e-05
2.097400465572718531e-05
2.172059430449735373e-05
1.844412690843455493e-05
1.110247376345796511e-05
1.415369024471146986e-05
3.325047873659059405e-05
9.100617171498015523e-05
1.257872008864069358e-05
2.767201840470079333e-05
2.743933815509080887e-03
2.035429315583314747e-05
3.184494926244951785e-05
1.610973413335159421e-05
2.062778185063507408e-05
2.521781425457447767e-04
1.945787334989290684e-05
1.989136580959893763e-05
3.537254451657645404e-05
2.264639442728366703e-05
2.037537284195423126e-03
1.608149068488273770e-05
3.781802297453396022e-05
3.531492257025092840e-05
2.842551657522562891e-05
3.036028465430717915e-05
2.277539533679373562e-05
1.417328348907176405e-05
2.814510298776440322e-05
1.927992161654401571e-05
3.130876211798749864e-05
3.371386992512270808e-05
3.727425792021676898e-05
2.831656638591084629e-05
2.539607157814316452e-05
3.065427881665527821e-05
4.225873999530449510e-05
3.718290463439188898e-05
1.539027289254590869e-05
3.214155367459170520e-05
1.572001929162070155e-05
1.635485568840522319e-05
3.458186620264314115e-05
1.823635102482512593e-05
2.483826028765179217e-05
1.747167698340490460e-05
2.265546754642855376e-05
3.030339030374307185e-05
2.697842137422412634e-05
3.031724736501928419e-05
2.386109918006695807e-05
2.354227399337105453e-05
2.092453360091894865e-05
2.718708310567308217e-05
2.168125865864567459e-05
6.634909659624099731e-03
3.285675848019309342e-05
3.016156915691681206e-05
2.628565562190487981e-05
2.661209320649504662e-03
2.684029277588706464e-05
2.003779954975470901e-04
5.944363074377179146e-04
2.687330743356142193e-05
3.017791459569707513e-05
3.459957224549725652e-05
2.829504956025630236e-05
3.620186180341988802e-05
3.266631028964184225e-05
5.057287125964649022e-05
3.531451875460334122e-05
2.152665911125950515e-05
6.901434244355186820e-05
3.757210652111098170e-05
2.062922067125327885e-05
3.067844954784959555e-05
3.097266380791552365e-05
1.878645343822427094e-05
2.196013883803971112e-05
3.136163286399096251e-05
2.782279261737130582e-05
6.650901195826008916e-05
3.029360959772020578e-05
2.596043668745551258e-05
1.520147452538367361e-05
3.760091931326314807e-05
6.973381096031516790e-05
1.626256380404811352e-05
2.189893530157860368e-05
1.665881427470594645e-05
2.147588384104892612e-05
1.917367080750409514e-05
3.232594826840795577e-05
1.830031760619021952e-05
3.910510713467374444e-05
2.561404471634887159e-05
9.064567089080810547e-02
9.517998993396759033e-02
3.024205580004490912e-05
1.985600247280672193e-04
3.128563548671081662e-05
3.269463195465505123e-05
1.922004594234749675e-05
1.958236862265039235e-05
3.092527549597434700e-05
1.998618972720578313e-05
1.762724423315376043e-05
2.821699308697134256e-05
4.871529061347246170e-03
3.739639214472845197e-05
3.497694342513568699e-05
6.342815468087792397e-04
3.133259087917394936e-05
2.616573823615908623e-03
2.083769140881486237e-05
1.980536035262048244e-05
1.719903048069681972e-05
2.945358937722630799e-05
2.299893458257429302e-05
2.553577542130369693e-05
3.459581785136833787e-05
3.315197318443097174e-05
2.253497223136946559e-05
2.405807026661932468e-05
2.839744229277130216e-05
1.866972161224111915e-05
2.961523750855121762e-05
1.869468360382597893e-05
1.833575697673950344e-05
2.312085962330456823e-05
3.784331420320086181e-05
2.736270471359603107e-05
2.052961644949391484e-05
2.008408409892581403e-05
1.871089079941157252e-05
3.462105087237432599e-05
2.558237974881194532e-05
2.209577542089391500e-05
2.390406007179990411e-05
2.000414679059758782e-05
2.114628114213701338e-05
2.077688441204372793e-05
1.941696791618596762e-05
2.050860712188296020e-05
9.597778989700600505e-05
2.416667666693683714e-05
2.576150291133671999e-05
4.132360118092037737e-05
2.160128133255057037e-05
2.536586544010788202e-05
2.348647831240668893e-05
2.095881973218638450e-05
2.911966112151276320e-05
2.296304410265292972e-05
2.795492764562368393e-05
1.467508081987034529e-05
3.614974775700829923e-05
6.238208879949524999e-05
1.872065149655099958e-05
3.092952465522103012e-05
4.239493864588439465e-05
2.754870001808740199e-05
3.076922803302295506e-05
1.990274540730752051e-05
3.671177182695828378e-05
1.573124791320879012e-05
7.629976607859134674e-04
2.257693995488807559e-05
1.965190313057973981e-05
1.592156513652298599e-05
3.795461088884621859e-05
3.362938878126442432e-05
2.665213469299487770e-05
2.655762946233153343e-03
2.868405317713040859e-05
2.373018651269376278e-05
2.083569597743917257e-05
2.492765088391024619e-05
2.604967448860406876e-05
2.224414609372615814e-03
2.847186442522797734e-05
2.094369119731709361e-05
2.779075657599605620e-05
2.604153996799141169e-05
2.897381455113645643e-05
3.526907312334515154e-05
3.546972220647148788e-05
2.630124436109326780e-05
2.230610698461532593e-05
3.106769872829318047e-05
2.567136834841221571e-05
2.189255610574036837e-05
3.665708572953008115e-05
2.828101241902913898e-05
2.029469760600477457e-05
3.082013427047058940e-05
2.590420444903429598e-05
2.200398557761218399e-05
3.760889376280829310e-05
2.560607754276134074e-05
2.625942397571634501e-05
3.504950291244313121e-05
3.813649163930676877e-05
2.766721627267543226e-05
3.394220402697101235e-05
3.754707722691819072e-05
3.523942723404616117e-05
1.875787347671575844e-05
1.569623054820112884e-05
1.936862463480792940e-05
2.838349246303550899e-05
1.486664550611749291e-04
2.853256955859251320e-05
2.810788282658904791e-05
1.987385439861100167e-05
2.110964305757079273e-05
2.265974035253748298e-05
2.829443110385909677e-05
2.191630846937187016e-05
3.998232932644896209e-05
2.805419535434339195e-05
2.127067884430289268e-03
3.785867738770321012e-05
3.394064333406277001e-05
2.843287802534177899e-05
2.728469007706735283e-05
3.681235830299556255e-05
2.598913488327525556e-05
3.003331039508339018e-05
2.095014679071027786e-05
2.863076588255353272e-05
3.111983824055641890e-05
2.044084430963266641e-05
3.069594094995409250e-05
2.976100040541496128e-05
2.976439827762078494e-05
2.156650407414417714e-05
2.629744813020806760e-05
2.119872988259885460e-05
1.806225191103294492e-05
1.667399010329972953e-05
2.018914528889581561e-05
2.421760837023612112e-05
2.255467006762046367e-05
1.122642570408061147e-04
2.072803545161150396e-05
2.973711161757819355e-05
1.914899985422380269e-05
2.529927405703347176e-05
3.010243744938634336e-05
2.562088775448501110e-05
2.825943287461996078e-03
2.301821041328366846e-05
2.644055894052144140e-05
3.468597788014449179e-05
2.298604522366076708e-05
2.314893208676949143e-05
2.827323623932898045e-05
1.800374229787848890e-05
2.643995139806065708e-05
2.528630830056499690e-05
3.446374830673448741e-05
2.534477061999496073e-05
2.707410931179765612e-05
3.003945130330976099e-05
2.702429992496035993e-05
2.936527744168415666e-05
2.635937562445178628e-05
3.412292790017090738e-05
3.523046325426548719e-05
2.788041638268623501e-05
2.379686884523835033e-05
3.599372575990855694e-05
2.877745100704487413e-05
2.710282569751143456e-03
1.463270655222004279e-05
4.716524199466221035e-05
2.175563531636726111e-05
2.099318953696638346e-05
2.202872565248981118e-05
2.703908830881118774e-03
2.831926569342613220e-03
2.974085691676009446e-05
2.842288813553750515e-05
3.796182863879948854e-05
2.622523788886610419e-05
2.577877239673398435e-05
1.780792808858677745e-05
2.086680797219742090e-05
2.996607872773893178e-05
3.545692743500694633e-05
2.565914110164158046e-05
1.764330409059766680e-05
2.118664633599109948e-05
3.559197284630499780e-05
3.983406713814474642e-05
2.095723721140529960e-05
4.044888555654324591e-05
2.418708027107641101e-05
2.362935083510819823e-05
2.571251388872042298e-05
2.237694025097880512e-05
3.599529372877441347e-05
2.310395757376682013e-05
2.176000969484448433e-03
2.174665678467135876e-05
2.483570278855040669e-05
2.551488069002516568e-05
2.853106707334518433e-05
2.882331682485528290e-05
2.660261088749393821e-05
2.005374517466407269e-05
2.267356758238747716e-04
2.834148290276061743e-05
2.405004306638147682e-05
3.637715417426079512e-05
3.379948975634761155e-05
2.145299185940530151e-05
3.642560841399244964e-05
2.151691296603530645e-05
2.820859663188457489e-05
7.903889054432511330e-04
1.457948837924050167e-05
1.570754648128058761e-05
3.558719618013128638e-05
2.410806337138637900e-05
3.376807580934837461e-05
2.554822640377096832e-05
2.566497278166934848e-05
3.030907464562915266e-05
1.951941703737247735e-05
3.375621963641606271e-05
1.963853173947427422e-05
2.294010300829540938e-05
5.245590728009119630e-05
2.387470340181607753e-05
1.781686296453699470e-05
2.524707269913051277e-05
2.097796459565870464e-05
2.366632907069288194e-05
2.354109165025874972e-05
4.397305383463390172e-05
2.137688898073974997e-05
2.404248698439914733e-05
2.714107904466800392e-05
3.604217636166140437e-05
1.383505514240823686e-05
4.197480666334740818e-05
2.297316495969425887e-05
4.218485628371126950e-05
2.336846773687284440e-05
2.124632555933203548e-05
3.640505747171118855e-05
3.003303390869405121e-05
3.371882485225796700e-05
2.639194644871167839e-05
2.250192665087524801e-05
1.852680907177273184e-05
2.122984005836769938e-05
2.098538061545696110e-05
2.568568197602871805e-05
2.184575532737653702e-05
2.885367575800046325e-05
2.411891728115733713e-05
1.559687370900064707e-05
3.032304630323778838e-05
1.949668330780696124e-05
3.537616794346831739e-05
3.381294663995504379e-05
4.505153265199624002e-05
3.539194949553348124e-05
1.704868554952554405e-05
3.399125853320583701e-05
2.859294363588560373e-05
3.984493378084152937e-05
2.415286326140630990e-05
2.431265602353960276e-05
3.517490040394477546e-05
3.410646968404762447e-05
3.071890751016326249e-05
2.391116686339955777e-05
3.644055686891078949e-05
2.353751006012316793e-05
2.578520252427551895e-05
1.918576163006946445e-05
2.209473168477416039e-04
1.714853715384379029e-05
5.963134462945163250e-04
2.068920184683520347e-05
3.094456405960954726e-05
2.753887201834004372e-05
2.508136458345688879e-05
2.555346145527437329e-05
2.705482984310947359e-05
2.755792593234218657e-05
2.683531965885777026e-05
3.006982733495533466e-04
2.571078584878705442e-05
2.353477066208142787e-05
