3.004323516506701708e-04
2.913172356784343719e-04
2.927313325926661491e-04
2.985710161738097668e-04
2.839295775629580021e-04
2.954108931589871645e-04
2.964477462228387594e-04
3.003091260325163603e-04
3.037465503439307213e-04
2.928275789599865675e-04
2.936089877039194107e-04
2.940481062978506088e-04
2.804732939694076777e-04
3.059011069126427174e-04
2.898096281569451094e-04
2.820681547746062279e-04
2.829260483849793673e-04
2.889756578952074051e-04
2.820380905177444220e-04
2.941346610896289349e-04
2.809177094604820013e-04
2.971825888380408287e-04
2.835435734596103430e-04
2.979691780637949705e-04
3.009915526490658522e-04
2.964362502098083496e-04
2.917388337664306164e-04
2.846833085641264915e-04
2.811547310557216406e-04
2.853364276234060526e-04
2.875295467674732208e-04
2.914739598054438829e-04
2.913828357122838497e-04
2.992469235323369503e-04
3.005517937708646059e-04
3.060880699194967747e-04
2.999667194671928883e-04
2.900208055507391691e-04
3.026968042831867933e-04
2.892162883654236794e-04
3.035092959180474281e-04
2.871076285373419523e-04
2.867554430849850178e-04
2.896997611969709396e-04
2.870326570700854063e-04
2.986397885251790285e-04
2.988665655720978975e-04
2.913594362325966358e-04
3.044577897526323795e-04
2.965011517517268658e-04
3.004840691573917866e-04
3.026587364729493856e-04
2.845022536348551512e-04
2.973632654175162315e-04
3.015146940015256405e-04
3.044591285288333893e-04
2.990901994053274393e-04
2.959084813483059406e-04
2.991388028021901846e-04
2.991415676660835743e-04
2.980127464979887009e-04
2.980596327688544989e-04
2.989546628668904305e-04
3.056114655919373035e-04
2.885193389374762774e-04
2.729551051743328571e-04
2.967026957776397467e-04
2.907392336055636406e-04
2.978525299113243818e-04
2.956903190352022648e-04
2.831963065546005964e-04
3.019619616679847240e-04
2.899696701206266880e-04
2.970832283608615398e-04
3.001273144036531448e-04
2.990628709085285664e-04
3.000597062055021524e-04
3.013540699612349272e-04
2.851700701285153627e-04
2.953795774374157190e-04
3.036425623577088118e-04
3.007627965416759253e-04
2.981919096782803535e-04
2.932375646196305752e-04
2.984305028803646564e-04
2.955656091216951609e-04
3.016461268998682499e-04
2.812106395140290260e-04
2.859795058611780405e-04
3.034124965779483318e-04
2.918280079029500484e-04
3.022677265107631683e-04
3.012561937794089317e-04
3.027217753697186708e-04
3.008260973729193211e-04
2.954457013402134180e-04
3.050354716833680868e-04
2.853801124729216099e-04
2.942612918559461832e-04
2.823878894560039043e-04
2.693429414648562670e-04
2.660303434822708368e-04
2.999438438564538956e-04
2.907252637669444084e-04
2.909134200308471918e-04
3.012580855283886194e-04
3.011437365785241127e-04
2.864804409909993410e-04
2.757661277428269386e-04
2.830759040080010891e-04
3.024317265953868628e-04
2.879670646507292986e-04
2.871171745937317610e-04
2.837380743585526943e-04
2.797903725877404213e-04
2.851852623280137777e-04
2.839060034602880478e-04
2.973474329337477684e-04
2.924834552686661482e-04
2.922772837337106466e-04
2.952445647679269314e-04
3.054957487620413303e-04
3.001874429173767567e-04
3.022131568286567926e-04
3.038165741600096226e-04
2.970618952531367540e-04
2.978760749101638794e-04
2.926032757386565208e-04
3.002173325512558222e-04
2.959759440273046494e-04
3.009363717865198851e-04
3.033972461707890034e-04
2.953084767796099186e-04
3.042985335923731327e-04
2.744258672464638948e-04
3.005441685672849417e-04
3.002965240739285946e-04
2.903114655055105686e-04
2.871879260055720806e-04
2.947128668893128633e-04
2.954738156404346228e-04
3.060692106373608112e-04
2.991113869938999414e-04
2.963920996990054846e-04
2.894150384236127138e-04
2.907485468313097954e-04
2.930144255515187979e-04
2.947261673398315907e-04
2.957975084427744150e-04
2.899285173043608665e-04
2.924435830209404230e-04
2.942146384157240391e-04
2.855359052773565054e-04
2.919524849858134985e-04
2.820137015078216791e-04
2.957027172669768333e-04
3.013243258465081453e-04
2.998408162966370583e-04
2.849095908459275961e-04
2.852062170859426260e-04
2.888228336814790964e-04
3.020774747710675001e-04
3.003837482538074255e-04
3.042663738597184420e-04
3.109004464931786060e-04
3.046795900445431471e-04
3.094215062446892262e-04
3.094688581768423319e-04
3.026096092071384192e-04
3.027988714165985584e-04
2.995722170453518629e-04
2.989872882608324289e-04
2.962880535051226616e-04
2.913430798798799515e-04
3.038450377061963081e-04
2.833334438037127256e-04
2.984711609315127134e-04
2.878949744626879692e-04
3.019622236024588346e-04
2.789026184473186731e-04
2.963640727102756500e-04
2.961113641504198313e-04
2.949423214886337519e-04
2.977453987114131451e-04
2.904472930822521448e-04
2.923733845818787813e-04
2.848859876394271851e-04
2.920387196354568005e-04
2.940416743513196707e-04
2.998671843670308590e-04
2.956611278932541609e-04
2.960264973808079958e-04
2.936052042059600353e-04
2.798119676299393177e-04
3.028228529728949070e-04
2.783451054710894823e-04
3.036892157979309559e-04
2.930203627329319715e-04
2.814586623571813107e-04
2.843374386429786682e-04
2.899515384342521429e-04
2.746865793596953154e-04
2.966489701066166162e-04
2.981716534122824669e-04
2.908722381107509136e-04
3.010179207194596529e-04
3.006593324244022369e-04
3.007068298757076263e-04
2.813510654959827662e-04
2.996363909915089607e-04
2.985427563544362783e-04
2.867307630367577076e-04
2.990316424984484911e-04
2.809722209349274635e-04
2.848089206963777542e-04
2.945027954410761595e-04
2.858448424376547337e-04
3.037216083612293005e-04
2.926567394752055407e-04
2.834080951288342476e-04
2.931750786956399679e-04
2.929735346697270870e-04
2.876052167266607285e-04
2.710836706683039665e-04
2.903719723690301180e-04
2.855354687198996544e-04
3.004028694704174995e-04
2.975517709273844957e-04
3.000816504936665297e-04
2.800240763463079929e-04
3.042287135031074286e-04
3.004576137755066156e-04
2.921657287515699863e-04
3.029109211638569832e-04
2.885582507587969303e-04
3.068279766011983156e-04
3.028239007107913494e-04
2.984018647111952305e-04
2.837119100149720907e-04
3.000024298671633005e-04
3.040062147192656994e-04
2.916137163992971182e-04
3.070349921472370625e-04
3.021397569682449102e-04
2.991524524986743927e-04
2.960562414955347776e-04
2.904609718825668097e-04
2.976557007059454918e-04
2.934039221145212650e-04
2.988050982821732759e-04
3.013988898601382971e-04
2.790142898447811604e-04
2.685514627955853939e-04
2.988667110912501812e-04
2.850906457751989365e-04
3.022609162144362926e-04
2.807613054756075144e-04
2.763767552096396685e-04
2.955472155008465052e-04
2.897347731050103903e-04
2.943904255516827106e-04
2.987704065162688494e-04
2.961388090625405312e-04
2.843478578142821789e-04
3.000838914886116982e-04
2.907740708906203508e-04
2.900223480537533760e-04
2.935058437287807465e-04
2.741998177953064442e-04
2.959184639621526003e-04
3.018295974470674992e-04
3.008732746820896864e-04
3.005764156114310026e-04
2.880929096136242151e-04
2.809522266034036875e-04
2.914358628913760185e-04
3.001570294145494699e-04
2.943642612081021070e-04
3.040558658540248871e-04
2.977468830067664385e-04
3.024976176675409079e-04
3.007942577823996544e-04
2.976126852445304394e-04
2.882357803173363209e-04
2.984995662700384855e-04
2.906786394305527210e-04
2.958871191367506981e-04
2.937419922091066837e-04
2.910503535531461239e-04
2.853890764527022839e-04
2.930988557636737823e-04
2.905483124777674675e-04
2.925257722381502390e-04
2.906179870478808880e-04
2.789502614177763462e-04
3.016786067746579647e-04
2.861692628357559443e-04
2.897895174100995064e-04
2.880661340896040201e-04
2.934389049187302589e-04
2.759690687526017427e-04
2.963455044664442539e-04
2.958681143354624510e-04
2.922808635048568249e-04
3.021542506758123636e-04
2.944269508589059114e-04
2.805012336466461420e-04
2.914099313784390688e-04
2.848542353603988886e-04
2.840690722223371267e-04
2.768429403658956289e-04
2.969913766719400883e-04
2.995922404807060957e-04
3.023432800546288490e-04
2.848397125490009785e-04
2.883134875446557999e-04
2.972095680888742208e-04
2.952094655483961105e-04
2.866223803721368313e-04
2.927149762399494648e-04
2.958773402497172356e-04
2.825441188178956509e-04
2.973349764943122864e-04
3.004702157340943813e-04
2.744048251770436764e-04
3.018301213160157204e-04
3.001937293447554111e-04
3.000986180268228054e-04
3.007233026437461376e-04
2.995888644363731146e-04
2.805143303703516722e-04
2.919412509072571993e-04
2.973643422592431307e-04
3.021720331162214279e-04
2.919854887295514345e-04
2.899048849940299988e-04
3.015295660588890314e-04
2.839811495505273342e-04
2.979827695526182652e-04
2.815011248458176851e-04
2.765765239018946886e-04
2.912079507950693369e-04
3.010056097991764545e-04
2.776010078378021717e-04
2.873953781090676785e-04
2.958846744149923325e-04
2.829327713698148727e-04
2.881991968024522066e-04
2.792861778289079666e-04
2.945329179055988789e-04
2.981244178954511881e-04
2.998712880071252584e-04
2.975750539917498827e-04
2.742871001828461885e-04
3.003194578923285007e-04
3.027970378752797842e-04
2.938815159723162651e-04
2.959488192573189735e-04
2.989443892147392035e-04
3.005047910846769810e-04
2.986468025483191013e-04
2.870787284336984158e-04
2.911219780799001455e-04
2.969155320897698402e-04
3.012721135746687651e-04
2.900456311181187630e-04
2.877769584301859140e-04
2.779687638394534588e-04
2.978306729346513748e-04
2.950127818621695042e-04
2.946104214061051607e-04
2.811500162351876497e-04
2.974856470245867968e-04
2.970562200061976910e-04
2.934715012088418007e-04
2.852826728485524654e-04
2.854714402928948402e-04
3.033782704733312130e-04
3.035951522178947926e-04
2.870901662390679121e-04
2.879466919694095850e-04
2.866542490664869547e-04
3.001409641001373529e-04
2.976477262564003468e-04
2.966638712678104639e-04
2.961489954032003880e-04
2.988968626596033573e-04
2.909418835770338774e-04
2.894091012421995401e-04
2.898348902817815542e-04
3.068057703785598278e-04
3.021701704710721970e-04
3.002640441991388798e-04
3.015462716575711966e-04
3.044107870664447546e-04
3.050545346923172474e-04
2.833390899468213320e-04
3.024794277735054493e-04
3.004377358593046665e-04
3.006177430506795645e-04
2.982600126415491104e-04
2.927630848716944456e-04
2.929009788203984499e-04
2.998942800331860781e-04
2.997108094859868288e-04
2.869188028853386641e-04
2.894108765758574009e-04
2.880279207602143288e-04
2.983768645208328962e-04
2.983461599797010422e-04
2.762838266789913177e-04
2.903970889747142792e-04
2.843610418494790792e-04
3.027257334906607866e-04
2.847061841748654842e-04
2.759919734671711922e-04
2.876957587432116270e-04
2.989723288919776678e-04
2.960175334010273218e-04
3.010237123817205429e-04
3.030725056305527687e-04
3.025118494406342506e-04
3.046712081413716078e-04
3.001208242494612932e-04
3.005402977578341961e-04
2.963870938401669264e-04
3.043054894078522921e-04
3.018940624315291643e-04
3.043321485165506601e-04
3.062876348849385977e-04
3.008803760167211294e-04
3.028051287401467562e-04
3.032362728845328093e-04
2.996075199916958809e-04
2.967518812511116266e-04
2.988041378557682037e-04
2.923718711826950312e-04
2.953793155029416084e-04
2.998354029841721058e-04
3.034435794688761234e-04
3.007413179147988558e-04
3.011270309798419476e-04
2.941550628747791052e-04
2.965338062494993210e-04
2.942542778328061104e-04
2.972238580696284771e-04
2.970043569803237915e-04
3.016852424480021000e-04
2.945460146293044090e-04
2.947323955595493317e-04
2.965090970974415541e-04
2.984945313073694706e-04
2.961700083687901497e-04
2.892392803914844990e-04
2.954276278614997864e-04
2.900284889619797468e-04
2.949196205008774996e-04
2.963551669381558895e-04
2.993460802827030420e-04
2.880956744775176048e-04
2.991697401739656925e-04
2.984590537380427122e-04
3.010046493727713823e-04
3.018608258571475744e-04
2.949994814116507769e-04
2.932127390522509813e-04
2.939210971817374229e-04
2.869777381420135498e-04
2.954266383312642574e-04
2.906354493461549282e-04
2.983985468745231628e-04
2.992165100295096636e-04
3.065253258682787418e-04
3.021660377271473408e-04
2.852373581845313311e-04
2.900543040595948696e-04
2.919748367276042700e-04
2.966197498608380556e-04
2.930052287410944700e-04
2.988594642374664545e-04
2.934123913291841745e-04
2.960915444418787956e-04
2.926483575720340014e-04
2.886324073188006878e-04
3.036122361663728952e-04
2.818938519340008497e-04
2.990557986777275801e-04
2.846299903467297554e-04
2.933900977950543165e-04
2.881954715121537447e-04
2.880892425309866667e-04
2.817072090692818165e-04
2.934143121819943190e-04
3.048830840270966291e-04
2.897148660849779844e-04
2.856452192645519972e-04
2.932319184765219688e-04
2.915246295742690563e-04
3.015292168129235506e-04
2.887157315853983164e-04
2.948452893178910017e-04
2.984516904689371586e-04
3.008203930221498013e-04
2.951133938040584326e-04
3.008058411069214344e-04
2.983598096761852503e-04
2.898156526498496532e-04
2.964166924357414246e-04
2.831215388141572475e-04
2.962397120427340269e-04
2.959340054076164961e-04
3.003665187861770391e-04
2.846533025149255991e-04
2.947147295344620943e-04
2.985866740345954895e-04
2.939180703833699226e-04
2.892457996495068073e-04
2.970287168864160776e-04
3.011757507920265198e-04
3.080991155002266169e-04
3.000837459694594145e-04
3.034642722923308611e-04
2.984445600304752588e-04
3.031689848285168409e-04
3.067495417781174183e-04
3.036950365640223026e-04
3.045813937205821276e-04
3.025589976459741592e-04
3.063826879952102900e-04
3.020578878931701183e-04
2.997001865878701210e-04
3.039199509657919407e-04
2.943473809864372015e-04
3.023405151907354593e-04
3.027917409781366587e-04
3.008644562214612961e-04
3.021410666406154633e-04
3.023611789103597403e-04
3.046571509912610054e-04
3.019541036337614059e-04
3.067138895858079195e-04
2.970343339256942272e-04
2.985579776577651501e-04
2.739221963565796614e-04
2.893068594858050346e-04
2.854885824490338564e-04
2.879700914490967989e-04
2.982872538268566132e-04
2.931730996351689100e-04
2.952840295620262623e-04
2.997685223817825317e-04
2.940701378975063562e-04
3.017524431925266981e-04
2.790768630802631378e-04
2.905310539063066244e-04
2.825218252837657928e-04
2.916886005550622940e-04
2.969015331473201513e-04
2.957383112516254187e-04
3.048420767299830914e-04
3.060463059227913618e-04
3.029365325346589088e-04
2.963268198072910309e-04
2.965698076877743006e-04
2.961318241432309151e-04
2.971918438561260700e-04
3.015467955265194178e-04
2.858210355043411255e-04
2.900984545703977346e-04
2.979554119519889355e-04
2.914962533395737410e-04
2.959945995826274157e-04
3.020169096998870373e-04
2.950543712358921766e-04
2.751911233644932508e-04
3.003521414939314127e-04
3.041285672225058079e-04
2.950975904241204262e-04
3.007686755154281855e-04
2.828948781825602055e-04
3.021405427716672421e-04
2.806977427098900080e-04
3.024120524059981108e-04
2.974260132759809494e-04
2.761970681603997946e-04
2.977593394462019205e-04
2.846497227437794209e-04
2.828092256095260382e-04
2.758524206001311541e-04
2.889911702368408442e-04
2.977648982778191566e-04
2.839313237927854061e-04
2.994406677316874266e-04
3.006774059031158686e-04
2.886320289690047503e-04
2.906062291003763676e-04
2.816350897774100304e-04
2.879034145735204220e-04
2.904293360188603401e-04
2.882525441236793995e-04
2.990475913975387812e-04
2.795296022668480873e-04
2.959007397294044495e-04
2.936594537459313869e-04
2.891262120101600885e-04
2.844440459739416838e-04
2.864351263269782066e-04
2.988675842061638832e-04
2.843865950126200914e-04
2.825038100127130747e-04
2.871190663427114487e-04
3.010819491464644670e-04
2.844883129000663757e-04
2.931662893388420343e-04
2.856422215700149536e-04
2.989381318911910057e-04
3.049898950848728418e-04
3.009453648701310158e-04
2.814685285557061434e-04
2.774444874376058578e-04
2.952252107206732035e-04
3.007027553394436836e-04
3.004828176926821470e-04
3.024630423169583082e-04
2.912046329583972692e-04
2.991178480442613363e-04
2.926850575022399426e-04
2.873433695640414953e-04
2.979800337925553322e-04
2.986483159475028515e-04
2.895996440201997757e-04
2.918351674452424049e-04
2.893023483920842409e-04
2.951674687210470438e-04
2.987316693179309368e-04
2.598991559352725744e-04
2.930326154455542564e-04
2.870446769520640373e-04
2.915753284469246864e-04
2.875956706702709198e-04
2.872706390917301178e-04
2.764493692666292191e-04
3.018772986251860857e-04
2.953810617327690125e-04
2.968230692204087973e-04
2.778920170385390520e-04
2.872713375836610794e-04
2.911281189881265163e-04
2.897478116210550070e-04
3.005997859872877598e-04
2.962117432616651058e-04
2.891914336942136288e-04
2.907370508182793856e-04
3.013244422618299723e-04
2.870695607271045446e-04
2.900005492847412825e-04
3.030285879503935575e-04
2.870309108402580023e-04
2.870725293178111315e-04
2.763049269560724497e-04
2.956890675704926252e-04
2.974866947624832392e-04
2.953525690827518702e-04
3.016991249751299620e-04
2.741434727795422077e-04
2.857327926903963089e-04
2.792808227241039276e-04
2.792198793031275272e-04
2.706731320358812809e-04
3.012174856849014759e-04
2.805587428156286478e-04
2.900545659940689802e-04
2.798935165628790855e-04
2.942912979051470757e-04
2.941102720797061920e-04
2.732707944232970476e-04
2.914994256570935249e-04
2.663341583684086800e-04
2.808418648783117533e-04
3.025853657163679600e-04
3.026143531315028667e-04
3.001078148372471333e-04
2.888682938646525145e-04
2.927140158135443926e-04
2.968506596516817808e-04
3.005060425493866205e-04
2.937404206022620201e-04
2.777466434054076672e-04
2.932079660240560770e-04
2.794480824377387762e-04
3.011683584190905094e-04
3.022645541932433844e-04
2.993160742335021496e-04
2.982642326969653368e-04
2.977429248858243227e-04
2.904105640482157469e-04
2.948550099972635508e-04
2.971114008687436581e-04
2.997400879394263029e-04
2.982398727908730507e-04
2.892593329306691885e-04
2.902769483625888824e-04
2.829539880622178316e-04
3.000446013174951077e-04
2.932117495220154524e-04
2.769613638520240784e-04
2.973515656776726246e-04
2.744265657383948565e-04
2.738606708589941263e-04
2.884285058826208115e-04
3.038423019461333752e-04
2.957177930511534214e-04
2.888882881961762905e-04
2.928066824097186327e-04
2.877362130675464869e-04
2.874349593184888363e-04
2.611541131045669317e-04
2.905506116803735495e-04
2.978962438646703959e-04
2.685257932171225548e-04
2.818161447066813707e-04
2.907835587393492460e-04
2.797234628815203905e-04
3.026181948371231556e-04
2.986932231578975916e-04
2.790284343063831329e-04
2.719074836932122707e-04
2.955753298010677099e-04
2.921588311437517405e-04
2.957412507385015488e-04
2.860454842448234558e-04
3.017847775481641293e-04
2.981849247589707375e-04
2.940033446066081524e-04
2.953324001282453537e-04
2.923224237747490406e-04
2.884698333218693733e-04
2.790722937788814306e-04
2.888454473577439785e-04
2.784141979645937681e-04
2.977970289066433907e-04
2.991325745824724436e-04
2.957664837595075369e-04
2.982725272886455059e-04
2.833737235050648451e-04
3.029896470252424479e-04
2.923009160440415144e-04
2.907641464844346046e-04
2.851828176062554121e-04
2.920110709965229034e-04
2.947819302789866924e-04
3.045178600586950779e-04
2.905575674958527088e-04
2.972361107822507620e-04
2.936627133749425411e-04
2.994984679389744997e-04
2.959114499390125275e-04
3.016193222720175982e-04
2.952000650111585855e-04
2.780481008812785149e-04
2.967206819448620081e-04
2.960195706691592932e-04
2.898370148614048958e-04
2.979981654789298773e-04
2.957725082524120808e-04
3.011190565302968025e-04
2.881967520806938410e-04
2.999839489348232746e-04
3.034287947230041027e-04
2.854392805602401495e-04
2.876635990105569363e-04
2.967975160572677851e-04
2.951157803181558847e-04
2.911655465140938759e-04
2.803040842991322279e-04
2.980140270665287971e-04
2.893290075007826090e-04
2.879779785871505737e-04
2.952618233393877745e-04
2.964049344882369041e-04
2.861804969143122435e-04
2.955442469101399183e-04
2.899608225561678410e-04
2.895137295126914978e-04
2.971389039885252714e-04
2.859841915778815746e-04
3.000447759404778481e-04
2.946704044006764889e-04
2.854489139281213284e-04
2.888630551751703024e-04
2.946934546343982220e-04
2.971543872263282537e-04
2.738870098255574703e-04
2.812978054862469435e-04
2.786630939226597548e-04
2.913114731200039387e-04
2.994362148456275463e-04
2.903462154790759087e-04
2.919658727478235960e-04
2.857607614714652300e-04
2.649332745932042599e-04
3.039955045096576214e-04
2.945914457086473703e-04
3.010247310157865286e-04
3.017435083165764809e-04
3.029899089597165585e-04
2.882966364268213511e-04
2.945967717096209526e-04
3.032958484254777431e-04
3.090703685302287340e-04
2.912682830356061459e-04
3.053643158636987209e-04
2.995093818753957748e-04
3.012930683325976133e-04
3.034716937690973282e-04
3.028378414455801249e-04
2.949726476799696684e-04
3.013847745023667812e-04
2.805430267471820116e-04
2.830971498042345047e-04
2.980406279675662518e-04
3.015495021827518940e-04
2.862190303858369589e-04
2.785195538308471441e-04
3.014605608768761158e-04
2.874395286198705435e-04
2.855653292499482632e-04
2.930119517259299755e-04
2.668336092028766870e-04
2.935736265499144793e-04
2.897746453527361155e-04
3.023369936272501945e-04
2.974626258946955204e-04
2.815978950820863247e-04
2.679297467693686485e-04
2.948647015728056431e-04
2.962494909297674894e-04
2.887005975935608149e-04
3.000500146299600601e-04
3.022901073563843966e-04
2.983405720442533493e-04
3.033514658454805613e-04
2.948231413029134274e-04
2.982930745929479599e-04
2.942290739156305790e-04
2.964888117276132107e-04
2.969203633256256580e-04
2.897948143072426319e-04
2.833351900335401297e-04
2.925627632066607475e-04
2.916153171099722385e-04
3.032345266547054052e-04
3.039724833797663450e-04
2.995300746988505125e-04
3.016737173311412334e-04
2.849925367627292871e-04
2.773865417111665010e-04
2.889148890972137451e-04
2.983049489557743073e-04
3.054728440474718809e-04
2.955316740553826094e-04
3.039536240976303816e-04
2.781383227556943893e-04
2.915795485023409128e-04
2.911387418862432241e-04
3.029739018529653549e-04
2.887993468903005123e-04
2.794342581182718277e-04
2.675244759302586317e-04
2.794429892674088478e-04
2.971730427816510201e-04
3.008051426149904728e-04
2.947234897874295712e-04
2.840516390278935432e-04
3.031703527085483074e-04
3.013108798768371344e-04
3.013049426954239607e-04
2.919343532994389534e-04
2.957038814201951027e-04
2.905627479776740074e-04
2.953972143586724997e-04
2.968930639326572418e-04
2.989090280607342720e-04
3.049884398933500051e-04
2.845692506525665522e-04
2.703830541577190161e-04
2.855484781321138144e-04
2.974332601297646761e-04
3.039547882508486509e-04
2.928795001935213804e-04
2.988050400745123625e-04
2.899983373936265707e-04
2.981152792926877737e-04
2.956767857540398836e-04
2.993241942021995783e-04
2.893443743232637644e-04
2.993763773702085018e-04
3.037033602595329285e-04
3.021800366695970297e-04
2.816525811795145273e-04
2.953518414869904518e-04
3.003340971190482378e-04
2.850306336767971516e-04
2.960641868412494659e-04
2.940674312412738800e-04
2.971448411699384451e-04
2.916330704465508461e-04
2.927459718193858862e-04
2.985770988743752241e-04
2.938128600362688303e-04
2.922988205682486296e-04
3.025629266630858183e-04
2.825717383529990911e-04
2.823850081767886877e-04
2.936467644758522511e-04
3.033469547517597675e-04
2.931780181825160980e-04
2.858751395251601934e-04
2.861565444618463516e-04
2.818467328324913979e-04
2.929928596131503582e-04
2.895924844779074192e-04
2.812179445754736662e-04
2.781871589832007885e-04
3.029988438356667757e-04
2.974228118546307087e-04
2.869504096452146769e-04
2.910347247961908579e-04
2.914448268711566925e-04
2.859864616766571999e-04
2.966908214148133993e-04
2.914030046667903662e-04
2.760515781119465828e-04
2.845213166438043118e-04
2.880220126826316118e-04
2.876660437323153019e-04
2.849698648788034916e-04
3.027188358828425407e-04
2.880593237932771444e-04
2.875968348234891891e-04
2.817219356074929237e-04
2.943963336292654276e-04
2.712479617912322283e-04
2.931873023044317961e-04
2.840167435351759195e-04
2.789634163491427898e-04
2.771470171865075827e-04
2.912996569648385048e-04
2.942173741757869720e-04
2.972641086671501398e-04
2.867729344870895147e-04
2.883801644202321768e-04
2.945940359495580196e-04
2.968674525618553162e-04
2.958488475997000933e-04
2.705368096940219402e-04
2.975886163767427206e-04
2.758367627393454313e-04
2.905776200350373983e-04
2.796091139316558838e-04
2.796420012600719929e-04
2.832972095347940922e-04
2.841067907866090536e-04
2.932247298303991556e-04
2.893665223382413387e-04
2.824456023517996073e-04
2.969929773826152086e-04
2.807609271258115768e-04
2.926638117060065269e-04
2.957161632366478443e-04
2.698846510611474514e-04
2.824038092512637377e-04
3.057881840504705906e-04
3.024266625288873911e-04
2.985180472023785114e-04
2.846179413609206676e-04
3.012734523508697748e-04
2.704595681279897690e-04
2.997846750076860189e-04
2.924683794844895601e-04
2.806221018545329571e-04
2.980843710247427225e-04
3.041579911950975657e-04
2.883964916691184044e-04
2.989151689689606428e-04
2.951748610939830542e-04
2.956828102469444275e-04
2.734033332671970129e-04
2.806147967930883169e-04
2.992080699186772108e-04
2.921095001511275768e-04
3.037077258341014385e-04
2.959042612928897142e-04
3.034706169273704290e-04
2.889143070206046104e-04
2.877748047467321157e-04
2.950816706288605928e-04
2.853946934919804335e-04
2.958606055472046137e-04
2.890231553465127945e-04
2.858762163668870926e-04
2.998623240273445845e-04
2.919780672527849674e-04
2.919165126513689756e-04
2.946176973637193441e-04
2.967887267004698515e-04
2.849794982466846704e-04
2.975101233460009098e-04
2.795742184389382601e-04
2.858143416233360767e-04
3.039744915440678596e-04
2.783635864034295082e-04
2.712635905481874943e-04
2.858739753719419241e-04
2.886336587835103273e-04
2.931905910372734070e-04
2.904125140048563480e-04
2.862484834622591734e-04
2.835258492268621922e-04
2.961007412523031235e-04
2.847403811756521463e-04
2.873949415516108274e-04
2.976913237944245338e-04
2.949423505924642086e-04
3.004499885719269514e-04
3.054265980608761311e-04
2.897960948757827282e-04
3.016458067577332258e-04
2.884359273593872786e-04
3.006426559295505285e-04
2.981900179293006659e-04
2.982420264743268490e-04
2.992889785673469305e-04
2.861718239728361368e-04
2.841276000253856182e-04
2.937866665888577700e-04
3.003386955242604017e-04
2.941388229373842478e-04
2.922732674051076174e-04
2.932464703917503357e-04
3.022385935764759779e-04
2.859393425751477480e-04
2.930795599240809679e-04
2.967488253489136696e-04
2.952273061964660883e-04
3.030348452739417553e-04
2.899304381571710110e-04
2.967178879771381617e-04
2.918661630246788263e-04
2.957461110781878233e-04
2.899591054301708937e-04
2.854125632438808680e-04
2.931864873971790075e-04
2.793823659885674715e-04
3.020854492206126451e-04
2.852580510079860687e-04
2.949485206045210361e-04
2.759779745247215033e-04
2.895754296332597733e-04
2.958492841571569443e-04
2.853424812201410532e-04
3.008631465490907431e-04
2.870959287974983454e-04
2.755402820184826851e-04
3.038736758753657341e-04
2.754080924205482006e-04
2.908156893681734800e-04
2.903436834458261728e-04
2.926016168203204870e-04
3.017335839103907347e-04
2.990409848280251026e-04
2.944803272839635611e-04
2.977387630380690098e-04
2.913203206844627857e-04
2.939963305834680796e-04
2.825689443852752447e-04
2.932529896497726440e-04
2.847573196049779654e-04
2.850883756764233112e-04
2.747741818893700838e-04
2.765251265373080969e-04
3.045164048671722412e-04
2.946887980215251446e-04
2.886326110456138849e-04
3.015819238498806953e-04
3.032457316294312477e-04
2.827591088134795427e-04
3.013227251358330250e-04
3.022971213795244694e-04
2.890693431254476309e-04
2.916236990131437778e-04
2.796111220959573984e-04
2.680453762877732515e-04
2.831547171808779240e-04
2.892843913286924362e-04
2.983753511216491461e-04
2.994002716150134802e-04
2.867705770768225193e-04
2.780999930109828711e-04
2.774539170786738396e-04
2.896443475037813187e-04
2.888550807256251574e-04
2.819558139890432358e-04
3.033139510080218315e-04
2.891045878641307354e-04
2.921342093031853437e-04
2.844445989467203617e-04
2.809142752084881067e-04
2.875229984056204557e-04
2.865215064957737923e-04
3.008192579727619886e-04
2.726819657254964113e-04
2.807219862006604671e-04
2.734167501330375671e-04
2.939758996944874525e-04
3.001508011948317289e-04
2.995345857925713062e-04
2.926154702436178923e-04
2.832773607224225998e-04
2.852824982255697250e-04
2.805067924782633781e-04
2.889034803956747055e-04
2.909739268943667412e-04
2.760616189334541559e-04
2.839982626028358936e-04
2.886492293328046799e-04
3.027622879017144442e-04
2.948425826616585255e-04
3.005483886227011681e-04
2.971084613818675280e-04
3.032449749298393726e-04
2.969942288473248482e-04
2.861078537534922361e-04
3.029836225323379040e-04
2.849022857844829559e-04
2.932910865638405085e-04
2.778001653496176004e-04
2.883144770748913288e-04
2.931760682258754969e-04
2.972170186694711447e-04
2.808393328450620174e-04
2.810837759170681238e-04
2.976830000989139080e-04
2.889588358812034130e-04
2.811205049511045218e-04
2.847322321031242609e-04
2.704427461139857769e-04
2.801106893457472324e-04
2.955626114271581173e-04
2.913917414844036102e-04
2.983371377922594547e-04
3.018662391696125269e-04
2.905966830439865589e-04
2.763094089459627867e-04
2.814178587868809700e-04
2.838843211065977812e-04
2.817194326780736446e-04
2.707372186705470085e-04
2.820657973643392324e-04
2.894581703003495932e-04
2.662531915120780468e-04
2.875477075576782227e-04
2.922488492913544178e-04
2.942041028290987015e-04
2.953115326818078756e-04
2.812351740431040525e-04
2.907637681346386671e-04
2.901852421928197145e-04
3.019808791577816010e-04
3.001033037435263395e-04
3.010327054653316736e-04
2.985606843139976263e-04
2.833571343217045069e-04
2.983543090522289276e-04
3.005134349223226309e-04
2.742029028013348579e-04
2.912140043918043375e-04
3.023849858436733484e-04
2.905752335209399462e-04
2.863407426048070192e-04
2.971050853375345469e-04
2.912608033511787653e-04
2.626139903441071510e-04
3.074621781706809998e-04
2.922244893852621317e-04
2.910387702286243439e-04
2.845922135747969151e-04
3.031964006368070841e-04
2.878847881220281124e-04
2.674910065252333879e-04
2.884884306695312262e-04
2.878926461562514305e-04
3.028765786439180374e-04
2.845523413270711899e-04
2.928070607595145702e-04
2.936394594144076109e-04
2.900546242017298937e-04
2.909717441070824862e-04
2.837309148162603378e-04
2.987439511343836784e-04
2.915877848863601685e-04
2.856704813893884420e-04
2.904197026509791613e-04
2.822074457071721554e-04
2.913146745413541794e-04
2.957315591629594564e-04
2.978455740958452225e-04
2.901895495597273111e-04
2.916279772762209177e-04
2.775983302854001522e-04
2.879942476283758879e-04
2.984978782478719950e-04
2.784082607831805944e-04
2.892463817261159420e-04
3.002740268129855394e-04
3.009573265444487333e-04
2.931987110059708357e-04
3.013802343048155308e-04
2.855393977370113134e-04
2.957033284474164248e-04
2.815918705891817808e-04
2.967169857583940029e-04
2.980490971822291613e-04
2.938927209470421076e-04
2.800567890517413616e-04
2.934419317170977592e-04
2.892853517550975084e-04
2.972822985611855984e-04
2.930991759058088064e-04
2.827449061442166567e-04
2.821021189447492361e-04
2.956858661491423845e-04
2.992028021253645420e-04
3.028407809324562550e-04
2.925611042883247137e-04
2.892427728511393070e-04
3.004078753292560577e-04
2.907591115217655897e-04
2.875887148547917604e-04
2.956391836050897837e-04
3.062303294427692890e-04
2.850931487046182156e-04
2.855098282452672720e-04
2.993089146912097931e-04
2.879308885894715786e-04
2.855753991752862930e-04
2.982195292133837938e-04
2.937013341579586267e-04
3.001728327944874763e-04
2.842706744559109211e-04
2.928261237684637308e-04
2.961251302622258663e-04
2.805548137985169888e-04
2.809134894050657749e-04
2.793952298816293478e-04
2.940076228696852922e-04
2.917673555202782154e-04
2.940623089671134949e-04
2.793738967739045620e-04
2.888053131755441427e-04
2.902741834986954927e-04
2.860363747458904982e-04
2.881900873035192490e-04
2.995625545736402273e-04
2.860661479644477367e-04
2.918623504228889942e-04
2.976324176415801048e-04
2.916333323810249567e-04
2.906174049712717533e-04
2.944193547591567039e-04
2.987462503369897604e-04
2.815896878018975258e-04
2.998030395247042179e-04
2.870603348128497601e-04
2.759842318482697010e-04
3.021342272404581308e-04
2.853616897482424974e-04
2.965634921565651894e-04
2.966306055895984173e-04
2.831335586961358786e-04
2.837716310750693083e-04
3.057381836697459221e-04
2.916065859608352184e-04
2.890834875870496035e-04
2.904608554672449827e-04
3.023500612471252680e-04
3.032886015716940165e-04
3.019762516487389803e-04
3.009548527188599110e-04
2.973767986986786127e-04
2.814489707816392183e-04
2.821799134835600853e-04
2.710887929424643517e-04
2.872332988772541285e-04
2.814831386785954237e-04
2.919831022154539824e-04
2.957701217383146286e-04
2.878836530726402998e-04
2.894627396017313004e-04
2.993741363752633333e-04
2.907193265855312347e-04
2.954707015305757523e-04
3.020678705070167780e-04
3.009806096088141203e-04
2.923402935266494751e-04
2.913882781285792589e-04
2.930320915766060352e-04
2.828537835739552975e-04
2.883212291635572910e-04
2.856914361473172903e-04
2.951071655843406916e-04
2.840756205841898918e-04
2.858430962078273296e-04
2.831868187058717012e-04
2.984389138873666525e-04
2.810426231008023024e-04
2.969230408780276775e-04
2.958734985440969467e-04
3.020093427039682865e-04
2.919640683103352785e-04
2.786450204439461231e-04
2.853117766790091991e-04
2.953351067844778299e-04
2.743693185038864613e-04
2.789062564261257648e-04
3.042831667698919773e-04
3.072352556046098471e-04
3.045281628146767616e-04
2.955350500997155905e-04
2.922054263763129711e-04
2.951267815660685301e-04
2.820672525558620691e-04
2.855974889826029539e-04
2.858611114788800478e-04
2.856696373783051968e-04
2.983092272188514471e-04
2.910193870775401592e-04
2.827148418873548508e-04
2.865237183868885040e-04
2.957325486931949854e-04
3.000720171257853508e-04
2.858217631001025438e-04
2.993225352838635445e-04
2.877519582398235798e-04
3.045173652935773134e-04
2.963413717225193977e-04
2.851153258234262466e-04
2.912974450737237930e-04
2.974009839817881584e-04
2.802080998662859201e-04
2.952351642306894064e-04
2.809222787618637085e-04
2.925034787040203810e-04
2.988443884532898664e-04
2.899049432016909122e-04
2.884226851165294647e-04
3.033871762454509735e-04
2.829768345691263676e-04
2.729700354393571615e-04
2.934285148512572050e-04
2.921881095971912146e-04
2.985585597343742847e-04
3.043588367290794849e-04
3.039109578821808100e-04
2.999544376507401466e-04
2.983295707963407040e-04
2.900175750255584717e-04
2.723976795095950365e-04
2.943623985629528761e-04
2.897588128689676523e-04
3.008460626006126404e-04
2.822053502313792706e-04
2.913493663072586060e-04
3.009184438269585371e-04
2.988997730426490307e-04
2.951037604361772537e-04
2.969471970573067665e-04
2.963636652566492558e-04
2.916690718848258257e-04
2.942745340988039970e-04
2.935615484602749348e-04
3.048043581657111645e-04
2.856296196114271879e-04
2.772276347968727350e-04
2.969453635159879923e-04
2.935062511824071407e-04
2.959198027383536100e-04
2.922772255260497332e-04
2.807616838254034519e-04
2.961632562801241875e-04
2.869933960027992725e-04
3.026961639989167452e-04
2.882175031118094921e-04
2.901937114074826241e-04
2.848640433512628078e-04
2.964919840451329947e-04
2.885473077185451984e-04
2.927224559243768454e-04
2.979481650982052088e-04
2.973298833239823580e-04
2.792429295368492603e-04
2.913010830525308847e-04
2.844650007318705320e-04
2.857994695659726858e-04
2.976853866130113602e-04
2.982818987220525742e-04
2.910410694312304258e-04
2.804152609314769506e-04
2.936894015874713659e-04
2.892518532462418079e-04
2.756883332040160894e-04
2.964040031656622887e-04
2.845288545358926058e-04
3.012333181686699390e-04
2.959098783321678638e-04
2.825753763318061829e-04
2.889361639972776175e-04
2.929692564066499472e-04
2.903242711909115314e-04
2.850813616532832384e-04
2.992748923134058714e-04
2.959825797006487846e-04
2.791880397126078606e-04
2.892125339712947607e-04
2.895907091442495584e-04
2.779058413580060005e-04
2.875843783840537071e-04
2.899662649724632502e-04
3.008336934726685286e-04
2.968817134387791157e-04
2.911399060394614935e-04
3.026899648830294609e-04
2.837935462594032288e-04
2.927686437033116817e-04
2.921638078987598419e-04
2.958907571155577898e-04
2.879022504203021526e-04
2.709817781578749418e-04
3.011427470482885838e-04
2.949718909803777933e-04
2.842082467395812273e-04
3.050826780963689089e-04
2.947906323242932558e-04
2.926445158664137125e-04
3.001823497470468283e-04
2.865889691747725010e-04
2.873607154469937086e-04
2.820876543410122395e-04
2.861347456928342581e-04
2.707412641029804945e-04
2.948362962342798710e-04
2.836162166204303503e-04
2.866044524125754833e-04
2.809107536450028419e-04
2.775412285700440407e-04
2.922252460848540068e-04
2.827698190230876207e-04
2.864951966330409050e-04
2.902442938648164272e-04
2.994610113091766834e-04
2.869742456823587418e-04
2.813694591168314219e-04
2.860563981812447309e-04
2.989669155795127153e-04
3.042458265554159880e-04
2.969047345686703920e-04
3.031675587408244610e-04
3.091173130087554455e-04
3.058133006561547518e-04
3.040219307877123356e-04
2.884781570173799992e-04
2.877742517739534378e-04
2.767246332950890064e-04
2.881264954339712858e-04
2.970787754748016596e-04
2.859251690097153187e-04
2.665464126039296389e-04
2.762614749372005463e-04
2.943137369584292173e-04
2.991018409375101328e-04
2.935912343673408031e-04
3.015545371454209089e-04
2.957907563541084528e-04
2.913950593210756779e-04
2.877039078157395124e-04
3.002079029101878405e-04
2.996695693582296371e-04
2.936620439868420362e-04
2.702654455788433552e-04
3.028483770322054625e-04
2.890010073315352201e-04
2.992283552885055542e-04
2.912795462179929018e-04
2.912533527705818415e-04
3.009339561685919762e-04
2.983778249472379684e-04
2.789041027426719666e-04
2.849706797860562801e-04
2.854805497918277979e-04
3.025381884071975946e-04
3.029285871889442205e-04
2.937685931101441383e-04
3.024386533070355654e-04
2.849181473720818758e-04
2.906825975514948368e-04
2.910928742494434118e-04
2.833895850926637650e-04
2.818368666339665651e-04
2.886490838136523962e-04
3.028340579476207495e-04
2.938787511084228754e-04
2.879507956095039845e-04
3.012841043528169394e-04
2.934975782409310341e-04
2.923839492723345757e-04
2.897163794841617346e-04
2.895013021770864725e-04
2.788970014080405235e-04
2.773719024844467640e-04
3.004859318025410175e-04
2.801757073029875755e-04
2.867946459446102381e-04
2.911513438448309898e-04
2.874800120480358601e-04
2.825987467076629400e-04
2.826120180543512106e-04
2.924046420957893133e-04
2.983663289342075586e-04
2.929336333181709051e-04
3.007549094036221504e-04
3.040140727534890175e-04
2.915353979915380478e-04
2.961534191854298115e-04
2.998679992742836475e-04
2.888806338887661695e-04
2.867780567612498999e-04
2.984543971251696348e-04
3.047416685149073601e-04
2.939750265795737505e-04
2.988395863212645054e-04
3.004891041200608015e-04
2.983068407047539949e-04
2.968612243421375751e-04
2.883973938878625631e-04
2.896506339311599731e-04
2.900224353652447462e-04
2.993940433952957392e-04
2.939723781310021877e-04
2.894297358579933643e-04
2.897662634495645761e-04
2.866277354769408703e-04
2.871943870559334755e-04
2.980559074785560369e-04
2.874663914553821087e-04
3.062218311242759228e-04
3.015591064468026161e-04
3.097464505117386580e-04
2.916239318437874317e-04
3.053170803468674421e-04
3.034640103578567505e-04
2.894591016229242086e-04
2.936609962489455938e-04
2.950599591713398695e-04
2.926187589764595032e-04
2.967206819448620081e-04
3.042990865651518106e-04
2.894757490139454603e-04
2.940881822723895311e-04
2.909903414547443390e-04
2.984644670505076647e-04
3.051829989999532700e-04
3.009072388522326946e-04
2.964897139463573694e-04
2.926065935753285885e-04
2.999044954776763916e-04
2.900733961723744869e-04
2.872761688195168972e-04
2.935657976195216179e-04
2.727007667999714613e-04
2.797246852423995733e-04
2.984140301123261452e-04
2.992124063894152641e-04
2.855439961422234774e-04
2.944853040389716625e-04
3.034391556866466999e-04
2.981529978569597006e-04
2.976866380777209997e-04
3.031884261872619390e-04
2.930099144577980042e-04
2.952194772660732269e-04
2.985134487971663475e-04
3.012839879374951124e-04
3.008669591508805752e-04
2.985242754220962524e-04
2.797537308651953936e-04
2.874177007470279932e-04
2.921934647019952536e-04
2.803980605676770210e-04
2.838251239154487848e-04
2.974347735289484262e-04
2.978749398607760668e-04
2.908771857619285583e-04
2.838512009475380182e-04
2.890189934987574816e-04
2.862437977455556393e-04
2.821373054757714272e-04
2.605621702969074249e-04
2.879262901842594147e-04
2.887164009734988213e-04
2.944788429886102676e-04
2.933882933575659990e-04
2.734268782660365105e-04
2.953343209810554981e-04
2.859456872101873159e-04
2.887820592150092125e-04
2.832298341672867537e-04
2.819632354658097029e-04
2.808254503179341555e-04
2.835866471286863089e-04
2.820341323968023062e-04
2.810697478707879782e-04
2.777773188427090645e-04
2.923618012573570013e-04
2.976002870127558708e-04
2.918248064815998077e-04
2.903635613620281219e-04
2.837236679624766111e-04
2.790410071611404419e-04
2.807797573041170835e-04
2.847421565093100071e-04
2.831413294188678265e-04
3.033544635400176048e-04
2.860455424524843693e-04
2.883875567931681871e-04
2.916958765126764774e-04
2.995521354023367167e-04
2.736195456236600876e-04
2.889377938117831945e-04
2.892096526920795441e-04
3.067173529416322708e-04
2.932037168648093939e-04
2.909973845817148685e-04
3.033618559129536152e-04
2.913967182394117117e-04
2.999760617967694998e-04
2.930140763055533171e-04
2.937384997494518757e-04
2.911639749072492123e-04
2.854936174117028713e-04
2.923694555647671223e-04
2.851749013643711805e-04
3.035545814782381058e-04
2.906617010012269020e-04
3.052086103707551956e-04
2.815862535499036312e-04
2.919687540270388126e-04
2.922612184192985296e-04
3.060096059925854206e-04
2.877742517739534378e-04
2.881478576455265284e-04
2.824636467266827822e-04
2.828608849085867405e-04
2.707900712266564369e-04
2.991377550642937422e-04
2.979480777867138386e-04
2.890383766498416662e-04
2.737194299697875977e-04
3.000411961693316698e-04
3.018810530193150043e-04
2.741192001849412918e-04
2.840922097675502300e-04
2.838685177266597748e-04
2.953083894681185484e-04
2.895686775445938110e-04
2.913817588705569506e-04
2.962920989375561476e-04
2.755216264631599188e-04
2.836745989043265581e-04
2.841872628778219223e-04
2.780325012281537056e-04
2.832699101418256760e-04
2.852593606803566217e-04
2.813667233567684889e-04
2.840335073415189981e-04
2.934751391876488924e-04
2.896329096984118223e-04
2.910612092819064856e-04
2.883365086745470762e-04
3.030922089237719774e-04
2.762783260550349951e-04
2.762001822702586651e-04
3.035041736438870430e-04
2.945417072623968124e-04
3.010797663591802120e-04
2.954623196274042130e-04
2.820639347191900015e-04
3.023954632226377726e-04
2.887685841415077448e-04
2.912908385042101145e-04
2.999832795467227697e-04
2.920232655014842749e-04
2.893676282837986946e-04
2.986494801007211208e-04
2.960844722110778093e-04
2.852752513717859983e-04
2.929428301285952330e-04
2.999599964823573828e-04
3.018120769411325455e-04
2.982656005769968033e-04
2.921065606642514467e-04
2.890850882977247238e-04
2.981126599479466677e-04
2.902089909184724092e-04
2.818471984937787056e-04
2.955781237687915564e-04
2.955520467367023230e-04
2.729045227169990540e-04
2.882301632780581713e-04
2.872456389013677835e-04
2.911089977715164423e-04
2.958131954073905945e-04
2.985128667205572128e-04
2.996959665324538946e-04
2.949890913441777229e-04
2.966245228890329599e-04
2.864234556909650564e-04
2.886629081331193447e-04
2.851104654837399721e-04
2.891133481170982122e-04
2.868043666239827871e-04
2.975415845867246389e-04
2.921262930613011122e-04
2.871641481760889292e-04
2.834911865647882223e-04
2.759317576419562101e-04
2.986843173857778311e-04
2.753612061496824026e-04
2.945581800304353237e-04
2.963425649795681238e-04
3.018405404873192310e-04
3.025592013727873564e-04
2.885991998482495546e-04
2.906553272623568773e-04
2.608773065730929375e-04
2.993552770931273699e-04
2.759356575552374125e-04
2.910525654442608356e-04
2.872728509828448296e-04
2.837660722434520721e-04
2.889155002776533365e-04
2.896867517847567797e-04
2.850262972060590982e-04
2.607305941637605429e-04
2.992387453559786081e-04
2.799030917230993509e-04
2.893728087656199932e-04
2.776250184979289770e-04
2.902901615016162395e-04
2.866172580979764462e-04
2.903395507019013166e-04
2.696420706342905760e-04
2.877915976569056511e-04
2.806107804644852877e-04
2.719041076488792896e-04
2.832422032952308655e-04
2.892424818128347397e-04
2.889295865315943956e-04
2.927401801571249962e-04
2.871551550924777985e-04
2.674717979971319437e-04
2.902874257415533066e-04
2.890418982133269310e-04
2.756500907707959414e-04
2.522977301850914955e-04
2.864186244551092386e-04
2.822235692292451859e-04
2.891992335207760334e-04
2.859674568753689528e-04
2.926484157796949148e-04
2.932164352387189865e-04
2.906380395870655775e-04
3.102331247646361589e-04
2.992102236021310091e-04
2.871197939384728670e-04
2.730400883592665195e-04
2.793911553453654051e-04
2.839525986928492785e-04
2.692481502890586853e-04
2.949505287688225508e-04
2.823846298269927502e-04
2.906412410084158182e-04
2.829241275321692228e-04
2.767887490335851908e-04
2.864101843442767859e-04
2.774016174953430891e-04
2.943952567875385284e-04
2.970097411889582872e-04
2.986507024616003036e-04
2.806065313052386045e-04
2.963574952445924282e-04
2.918075770139694214e-04
2.936047385446727276e-04
2.625431516207754612e-04
2.911967167165130377e-04
2.694143622647970915e-04
2.954789088107645512e-04
2.991272485814988613e-04
3.018317220266908407e-04
2.963494334835559130e-04
3.098463057540357113e-04
2.891751937568187714e-04
3.013032546732574701e-04
2.994663082063198090e-04
2.993366215378046036e-04
3.011536027770489454e-04
2.933906216640025377e-04
3.015273250639438629e-04
3.030637162737548351e-04
2.985906321555376053e-04
2.952789072878658772e-04
2.964129962492734194e-04
2.915967488661408424e-04
2.846581046469509602e-04
2.927195455413311720e-04
2.940508711617439985e-04
2.886506263166666031e-04
2.995782997459173203e-04
2.948554465547204018e-04
2.977049734909087420e-04
2.991703222505748272e-04
2.908018650487065315e-04
2.965926832985132933e-04
2.940512495115399361e-04
3.044874174520373344e-04
3.033838584087789059e-04
2.928338653873652220e-04
2.947171451523900032e-04
2.892053453251719475e-04
3.042642783839255571e-04
2.819133806042373180e-04
2.962510334327816963e-04
2.927024324890226126e-04
2.701725461520254612e-04
2.879337116610258818e-04
2.872938057407736778e-04
2.865522401407361031e-04
2.873296034522354603e-04
2.768108970485627651e-04
2.883907291106879711e-04
2.884296118281781673e-04
2.924800210166722536e-04
2.932517672888934612e-04
2.889643074013292789e-04
2.829586737789213657e-04
2.914906945079565048e-04
2.812429156620055437e-04
2.839601947925984859e-04
2.877143269870430231e-04
2.867199364118278027e-04
2.891705371439456940e-04
3.014409157913178205e-04
2.842433459591120481e-04
2.914538490585982800e-04
2.907399903051555157e-04
2.742678625509142876e-04
2.905577130150049925e-04
2.846336865331977606e-04
2.832223544828593731e-04
2.906347508542239666e-04
2.980261924676597118e-04
2.988833584822714329e-04
2.853146870620548725e-04
2.952451177407056093e-04
2.897954254876822233e-04
2.750966523308306932e-04
2.898546808864921331e-04
2.839035878423601389e-04
2.815439656842499971e-04
2.930139598902314901e-04
2.875880745705217123e-04
2.884563582483679056e-04
2.936238888651132584e-04
2.835697086993604898e-04
2.945773594547063112e-04
2.870874595828354359e-04
2.900494146160781384e-04
2.802264352794736624e-04
2.845732087735086679e-04
2.924303989857435226e-04
2.884088607970625162e-04
2.911424671765416861e-04
2.857315994333475828e-04
2.759587951004505157e-04
2.969971683342009783e-04
2.724652003962546587e-04
2.858452207874506712e-04
2.918573736678808928e-04
2.849808952305465937e-04
2.920050756074488163e-04
2.994669193867594004e-04
2.981201978400349617e-04
2.846222196239978075e-04
2.656969882082194090e-04
2.820054360199719667e-04
2.808429417200386524e-04
2.916628145612776279e-04
2.839937806129455566e-04
2.817175991367548704e-04
2.804873511195182800e-04
2.854758058674633503e-04
2.911717165261507034e-04
2.938744437415152788e-04
2.974132949020713568e-04
2.933980722445994616e-04
2.959110424853861332e-04
2.826979907695204020e-04
2.842478861566632986e-04
2.978798875119537115e-04
2.848334261216223240e-04
2.885115391109138727e-04
2.868532610591500998e-04
2.937310491688549519e-04
2.882208500523120165e-04
2.942337596323341131e-04
2.880162210203707218e-04
2.822967071551829576e-04
2.970439090859144926e-04
3.003269957844167948e-04
2.951865026261657476e-04
2.898852399084717035e-04
2.860699896700680256e-04
2.906917361542582512e-04
2.873299235943704844e-04
2.794121101032942533e-04
2.842298417817801237e-04
2.893611672334372997e-04
2.827897260431200266e-04
3.008344792760908604e-04
3.015068941749632359e-04
3.022742748726159334e-04
3.058703150600194931e-04
3.039390721824020147e-04
3.051664971280843019e-04
3.031516680493950844e-04
2.997910778503865004e-04
3.022300370503216982e-04
2.989833301398903131e-04
2.852554025594145060e-04
2.895594225265085697e-04
2.865155984181910753e-04
2.644662745296955109e-04
2.847840951289981604e-04
2.909016620833426714e-04
2.854629710782319307e-04
2.882401458919048309e-04
2.938877441920340061e-04
3.039082512259483337e-04
2.962597936857491732e-04
2.944290754385292530e-04
2.993958769366145134e-04
2.920554834417998791e-04
2.899869577959179878e-04
2.921864506788551807e-04
2.985720639117062092e-04
2.797096385620534420e-04
2.908295136876404285e-04
2.955288800876587629e-04
2.890912292059510946e-04
2.763673255685716867e-04
2.767333935480564833e-04
2.983255253639072180e-04
2.886604343075305223e-04
2.892097400035709143e-04
2.831659803632646799e-04
2.838457585312426090e-04
2.988151682075113058e-04
2.962707076221704483e-04
2.838307118508964777e-04
2.982664736919105053e-04
2.975592797156423330e-04
2.897864615079015493e-04
2.798303903546184301e-04
2.964617742691189051e-04
2.896711230278015137e-04
2.982071018777787685e-04
3.000514698214828968e-04
3.007983032148331404e-04
2.839244261849671602e-04
2.810567966662347317e-04
2.767961996141821146e-04
2.872854529414325953e-04
2.952718059532344341e-04
2.973727823700755835e-04
3.022797754965722561e-04
3.045872435905039310e-04
3.097053267993032932e-04
2.952053619083017111e-04
2.982951118610799313e-04
2.971122739836573601e-04
2.956038515549153090e-04
2.997101692017167807e-04
2.982418809551745653e-04
2.977370750159025192e-04
2.954280062112957239e-04
2.972160582430660725e-04
2.927889581769704819e-04
2.826388517860323191e-04
2.942894643638283014e-04
2.967702457681298256e-04
3.012050001416355371e-04
3.004187019541859627e-04
2.880448300857096910e-04
2.868915034923702478e-04
2.835456107277423143e-04
2.925543813034892082e-04
3.074193373322486877e-04
2.975685929413884878e-04
2.844364498741924763e-04
2.861712127923965454e-04
2.921785344369709492e-04
2.893379714805632830e-04
2.885879075620323420e-04
2.999717544298619032e-04
2.857647778000682592e-04
2.919873513747006655e-04
2.986800682265311480e-04
2.997167175635695457e-04
2.906435984186828136e-04
2.709852124098688364e-04
2.934798540081828833e-04
2.921285922639071941e-04
2.998287382069975138e-04
2.921379345934838057e-04
2.913450880441814661e-04
2.938708639703691006e-04
3.010253713000565767e-04
2.792036975733935833e-04
2.872386539820581675e-04
2.959220437332987785e-04
2.919672115240246058e-04
2.958688128273934126e-04
2.990031498484313488e-04
2.917081292252987623e-04
2.851653844118118286e-04
2.912938653025776148e-04
2.860927488654851913e-04
2.873359480872750282e-04
2.994502719957381487e-04
2.725608646869659424e-04
2.855561324395239353e-04
2.774861641228199005e-04
3.048407379537820816e-04
2.892410848289728165e-04
2.952183713205158710e-04
2.775110478978604078e-04
3.005730104632675648e-04
2.986629842780530453e-04
2.956426760647445917e-04
3.044882905669510365e-04
3.055337001569569111e-04
3.020945005118846893e-04
2.991322544403374195e-04
2.942195860669016838e-04
2.976774412672966719e-04
3.034072287846356630e-04
2.996753319166600704e-04
2.966198371723294258e-04
2.756500907707959414e-04
2.974431845359504223e-04
3.007611376233398914e-04
2.894845674745738506e-04
2.834230836015194654e-04
3.008172789122909307e-04
2.937852987088263035e-04
2.799209323711693287e-04
2.929244074039161205e-04
2.768666017800569534e-04
2.966410829685628414e-04
2.891392505262047052e-04
2.899077080655843019e-04
2.858853840734809637e-04
2.941186539828777313e-04
2.946890017483383417e-04
2.795841428451240063e-04
2.973366936203092337e-04
2.857599756680428982e-04
2.961062709800899029e-04
2.945674350485205650e-04
2.979020937345921993e-04
2.798104833345860243e-04
2.621934399940073490e-04
2.836071944329887629e-04
2.922741114161908627e-04
2.899107930716127157e-04
2.848124713636934757e-04
2.966108149848878384e-04
2.889762981794774532e-04
2.858460356947034597e-04
2.999100252054631710e-04
2.953819930553436279e-04
3.015643451362848282e-04
2.977457770612090826e-04
2.996553375851362944e-04
3.006646584253758192e-04
2.960217243526130915e-04
2.992499503307044506e-04
3.025300102308392525e-04
2.994012320414185524e-04
2.939770929515361786e-04
2.976641990244388580e-04
3.018165007233619690e-04
2.895798534154891968e-04
2.829270961228758097e-04
3.009184729307889938e-04
2.960498095490038395e-04
2.985811152029782534e-04
2.816318301483988762e-04
2.933737414423376322e-04
2.877977385651320219e-04
2.999049902427941561e-04
2.943788131233304739e-04
2.984287857543677092e-04
2.907707239501178265e-04
2.965710591524839401e-04
2.983499434776604176e-04
2.951828064396977425e-04
3.023321332875639200e-04
3.040923038497567177e-04
2.952415670733898878e-04
3.016482514794915915e-04
3.024415345862507820e-04
2.982404257636517286e-04
2.967490581795573235e-04
3.033237007912248373e-04
2.991939545609056950e-04
3.067627549171447754e-04
3.013148671016097069e-04
2.980814315378665924e-04
2.841039095073938370e-04
2.948543406091630459e-04
2.989682252518832684e-04
2.998756244778633118e-04
2.993713424075394869e-04
3.041580494027584791e-04
2.974859962705522776e-04
2.920336264651268721e-04
2.836828643921762705e-04
2.968082844745367765e-04
2.916140365414321423e-04
2.930267655756324530e-04
2.923227439168840647e-04
2.748078550212085247e-04
3.054274711757898331e-04
3.019609430339187384e-04
2.943467407021671534e-04
2.937075914815068245e-04
2.951037022285163403e-04
2.912338823080062866e-04
2.883579581975936890e-04
3.031952655874192715e-04
2.969296183437108994e-04
2.931656490545719862e-04
2.865733695216476917e-04
2.945313462987542152e-04
2.857694635167717934e-04
2.974305534735321999e-04
2.962948055937886238e-04
2.937457466032356024e-04
2.834023034665733576e-04
2.943234285339713097e-04
2.912343770731240511e-04
2.875347272492945194e-04
2.948883338831365108e-04
2.898819802794605494e-04
2.914305077865719795e-04
2.840216329786926508e-04
2.928600297309458256e-04
2.861846005544066429e-04
2.885537105612456799e-04
2.994067326653748751e-04
3.035754198208451271e-04
2.978336706291884184e-04
2.877607767004519701e-04
2.917906676884740591e-04
2.827730495482683182e-04
2.776125329546630383e-04
2.727453538682311773e-04
2.987730549648404121e-04
3.044426557607948780e-04
2.768971025943756104e-04
2.774619206320494413e-04
3.016577975358814001e-04
2.952853974420577288e-04
2.971199864987283945e-04
2.907153393607586622e-04
3.011443477589637041e-04
2.856445789802819490e-04
2.982585283461958170e-04
2.881964901462197304e-04
2.822462120093405247e-04
3.009317151736468077e-04
2.760792558547109365e-04
3.004945465363562107e-04
2.973318623844534159e-04
2.904261928051710129e-04
2.976096584461629391e-04
2.986810577567666769e-04
2.950263151433318853e-04
2.878210507333278656e-04
2.917152305599302053e-04
2.862896653823554516e-04
2.954034134745597839e-04
2.929506590589880943e-04
2.882042317651212215e-04
2.872231125365942717e-04
2.553430385887622833e-04
2.892975462600588799e-04
2.684563223738223314e-04
2.841003006324172020e-04
2.989606873597949743e-04
2.840385423041880131e-04
2.975301176775246859e-04
2.905206056311726570e-04
3.026439808309078217e-04
2.959236153401434422e-04
2.908268652390688658e-04
2.961078134831041098e-04
2.876603684853762388e-04
2.816211199387907982e-04
2.982861187774688005e-04
3.015670808963477612e-04
2.922563871834427118e-04
2.920531551353633404e-04
3.001600562129169703e-04
2.766280667856335640e-04
2.865071874111890793e-04
2.933071518782526255e-04
2.979928685817867517e-04
2.880147949326783419e-04
2.830323937814682722e-04
2.879797539208084345e-04
2.887848822865635157e-04
2.776242617983371019e-04
2.928636677097529173e-04
2.982520090881735086e-04
2.867740986403077841e-04
2.960482379421591759e-04
2.810773148667067289e-04
2.831200254149734974e-04
2.934095682576298714e-04
2.911289047915488482e-04
2.878003579098731279e-04
2.766942197922617197e-04
3.067761426791548729e-04
3.042549942620098591e-04
2.944680454675108194e-04
2.945039886981248856e-04
2.990811190102249384e-04
2.894822391681373119e-04
2.961814752779901028e-04
3.034914261661469936e-04
2.984173479489982128e-04
2.935792435891926289e-04
2.893769415095448494e-04
2.977140247821807861e-04
2.942655992228537798e-04
2.945080341305583715e-04
2.834114420693367720e-04
2.887977461796253920e-04
2.706588129512965679e-04
2.943948202300816774e-04
2.859348896890878677e-04
2.848067670129239559e-04
2.935932134278118610e-04
2.941282291430979967e-04
3.025123151019215584e-04
2.986559120472520590e-04
2.891964395530521870e-04
2.934199292212724686e-04
3.039969305973500013e-04
2.770707360468804836e-04
2.997890696860849857e-04
2.862888213712722063e-04
2.916457306127995253e-04
2.920665720012038946e-04
2.878962841350585222e-04
2.900192048400640488e-04
2.814310137182474136e-04
2.754360029939562082e-04
3.018157731276005507e-04
2.927110763266682625e-04
2.888811286538839340e-04
2.877730585169047117e-04
2.928853500634431839e-04
2.838754153344780207e-04
2.952289069071412086e-04
2.816475753206759691e-04
2.818810462485998869e-04
2.856024075299501419e-04
2.810691075865179300e-04
2.948226756416261196e-04
2.946307067759335041e-04
2.943620784208178520e-04
2.997020201291888952e-04
2.885355206672102213e-04
2.884094137698411942e-04
2.883785055018961430e-04
2.831431629601866007e-04
2.961508289445191622e-04
2.934438816737383604e-04
3.037410788238048553e-04
2.953204384539276361e-04
3.003969031851738691e-04
2.693991700652986765e-04
2.834257611539214849e-04
2.931196067947894335e-04
2.878844388760626316e-04
2.623230684548616409e-04
2.782507799565792084e-04
2.896409423556178808e-04
2.847039431799203157e-04
2.871012256946414709e-04
2.814333129208534956e-04
2.883961424231529236e-04
2.949055633507668972e-04
2.946460735984146595e-04
3.012200759258121252e-04
3.012469387613236904e-04
2.979307027999311686e-04
3.027073398698121309e-04
2.986777399200946093e-04
3.017068083863705397e-04
2.929572074208408594e-04
2.972367219626903534e-04
3.004099999088793993e-04
2.854992635548114777e-04
2.875790232792496681e-04
2.629132359288632870e-04
2.915164222940802574e-04
3.018433344550430775e-04
2.992446243297308683e-04
2.993764355778694153e-04
3.010390792042016983e-04
2.999768767040222883e-04
3.040670417249202728e-04
3.004291211254894733e-04
2.988970081787556410e-04
2.986286708619445562e-04
2.896322403103113174e-04
2.878938976209610701e-04
3.022263990715146065e-04
2.997593255713582039e-04
3.032239037565886974e-04
3.006881161127239466e-04
3.017308190464973450e-04
2.913113567046821117e-04
3.017630369868129492e-04
2.998769050464034081e-04
2.837077481672167778e-04
2.926764427684247494e-04
2.967093023471534252e-04
2.952641516458243132e-04
2.893293276429176331e-04
2.948280307464301586e-04
2.787389094009995461e-04
2.850256860256195068e-04
2.971968206111341715e-04
2.990807697642594576e-04
2.991026849485933781e-04
2.853366022463887930e-04
2.938005491159856319e-04
3.007873019669204950e-04
2.877917140722274780e-04
2.861652756109833717e-04
2.977637341246008873e-04
3.042401804123073816e-04
2.974887611344456673e-04
3.029890649486333132e-04
2.857762447092682123e-04
2.824925468303263187e-04
3.022278833668678999e-04
2.751097199507057667e-04
2.964362793136388063e-04
3.032704698853194714e-04
2.928227477241307497e-04
2.860476088244467974e-04
2.886566799134016037e-04
2.867543662432581186e-04
2.916650846600532532e-04
2.945470623672008514e-04
2.963416336569935083e-04
2.924204163718968630e-04
2.856271748896688223e-04
2.857774670701473951e-04
2.892468473874032497e-04
2.885655558202415705e-04
2.905402798205614090e-04
2.887896844185888767e-04
2.751476131379604340e-04
3.030079533345997334e-04
3.004240861628204584e-04
2.856733917724341154e-04
3.017449344042688608e-04
2.826515119522809982e-04
2.864489506464451551e-04
3.035048721358180046e-04
2.742874203249812126e-04
2.800431975629180670e-04
2.938764228019863367e-04
2.780155336949974298e-04
2.893407072406262159e-04
2.704743528738617897e-04
2.915419754572212696e-04
2.810637815855443478e-04
2.933814830612391233e-04
2.885766734834760427e-04
2.993876696564257145e-04
2.855262137018144131e-04
2.766660181805491447e-04
2.726779493968933821e-04
2.723425859585404396e-04
2.907476737163960934e-04
2.952070208266377449e-04
2.989419735968112946e-04
2.909739559981971979e-04
2.899413811974227428e-04
3.033587709069252014e-04
2.891189360525459051e-04
2.970354980789124966e-04
2.840587403625249863e-04
2.740681229624897242e-04
2.998097043018788099e-04
2.994678507093340158e-04
2.864127163775265217e-04
2.985548635479062796e-04
2.929999609477818012e-04
2.955621166620403528e-04
2.945613232441246510e-04
2.923407300841063261e-04
3.010596847161650658e-04
2.734920126385986805e-04
2.950763155240565538e-04
2.990436041727662086e-04
2.903538406826555729e-04
2.827502903528511524e-04
2.904857974499464035e-04
2.858761290553957224e-04
2.903332351706922054e-04
2.962182916235178709e-04
2.927405002992600203e-04
2.894715871661901474e-04
2.875600184779614210e-04
2.809613652061671019e-04
2.855361672118306160e-04
2.990953507833182812e-04
3.003466117661446333e-04
2.985098108183592558e-04
3.033083048649132252e-04
2.982970036100596189e-04
2.942312567029148340e-04
3.029890940524637699e-04
2.886759175453335047e-04
2.955604286398738623e-04
2.929412585217505693e-04
2.981276193168014288e-04
2.929166366811841726e-04
2.931614872068166733e-04
2.891170734073966742e-04
2.961807476822286844e-04
2.773644810076802969e-04
2.969829074572771788e-04
3.028155188076198101e-04
2.918728278018534184e-04
2.925152366515249014e-04
2.927148016169667244e-04
2.925962326116859913e-04
2.817115164361894131e-04
2.902563428506255150e-04
2.853866899386048317e-04
2.944754378404468298e-04
2.925053704530000687e-04
2.873625489883124828e-04
2.898209495469927788e-04
2.886883448809385300e-04
2.886066213250160217e-04
3.012179513461887836e-04
2.953743969555944204e-04
2.882596454583108425e-04
2.849802549462765455e-04
2.775394532363861799e-04
2.945486339740455151e-04
2.823537215590476990e-04
2.940985141322016716e-04
2.874982601497322321e-04
2.904983412008732557e-04
2.941409475170075893e-04
2.925307489931583405e-04
2.884786517824977636e-04
2.939105615951120853e-04
2.765388053376227617e-04
2.952323411591351032e-04
2.981073630508035421e-04
2.993755042552947998e-04
3.011288354173302650e-04
3.010826476383954287e-04
3.010266809724271297e-04
2.853892801795154810e-04
2.901226107496768236e-04
2.737401227932423353e-04
2.918443933594971895e-04
2.981278521474450827e-04
3.011541557498276234e-04
3.054522676393389702e-04
2.878696832340210676e-04
2.789402788039296865e-04
2.957573160529136658e-04
2.935598604381084442e-04
2.871219767257571220e-04
2.839645603671669960e-04
3.003250458277761936e-04
2.876370854210108519e-04
3.023540775757282972e-04
2.922198909800499678e-04
2.953499497380107641e-04
2.968809858430176973e-04
2.889689058065414429e-04
2.957422693725675344e-04
2.975038951262831688e-04
3.018631250597536564e-04
2.969907363876700401e-04
2.929578768089413643e-04
2.950536436401307583e-04
2.804532705340534449e-04
2.906978188548237085e-04
2.961484715342521667e-04
2.942747378256171942e-04
2.868643787223845720e-04
2.932211500592529774e-04
3.022075397893786430e-04
2.919034741353243589e-04
2.923024876508861780e-04
3.015552647411823273e-04
2.794220927171409130e-04
2.769206184893846512e-04
2.987319894600659609e-04
2.943176950793713331e-04
2.877833321690559387e-04
2.986723266076296568e-04
2.838863292708992958e-04
2.906779118347913027e-04
2.903072745539247990e-04
2.884056302718818188e-04
2.885549620259553194e-04
2.919531543739140034e-04
2.933253417722880840e-04
2.943104482255876064e-04
2.966046740766614676e-04
2.937582612503319979e-04
2.931725466623902321e-04
2.795549808070063591e-04
2.842249232344329357e-04
2.745140809565782547e-04
3.000738215632736683e-04
2.957333053927868605e-04
2.851513854693621397e-04
2.957780670840293169e-04
2.854970516636967659e-04
2.947321336250752211e-04
2.835471823345869780e-04
2.992751833517104387e-04
2.814836334437131882e-04
2.862941764760762453e-04
2.835041668731719255e-04
2.793559979181736708e-04
3.004925383720546961e-04
3.046510682906955481e-04
2.897197264246642590e-04
2.899274986702948809e-04
2.914251817855983973e-04
2.990240755025297403e-04
2.780614886432886124e-04
2.938817488029599190e-04
2.875262871384620667e-04
2.859550877474248409e-04
3.070178499910980463e-04
2.867990406230092049e-04
2.815046755131334066e-04
2.939387923106551170e-04
2.920883707702159882e-04
2.981556172017008066e-04
2.907745947595685720e-04
2.990698849316686392e-04
2.960292913485318422e-04
3.032931417692452669e-04
2.908541064243763685e-04
2.759589406196027994e-04
2.918152022175490856e-04
2.913472708314657211e-04
2.879518724512308836e-04
2.845604612957686186e-04
2.824255789164453745e-04
2.939072146546095610e-04
2.872154582291841507e-04
2.924309228546917439e-04
2.892817719839513302e-04
3.002587181981652975e-04
2.948968904092907906e-04
2.924389264080673456e-04
2.894618664868175983e-04
2.800299262162297964e-04
2.425124112050980330e-04
2.930213522631675005e-04
2.966934116557240486e-04
2.774087770376354456e-04
2.806446573231369257e-04
3.028378705494105816e-04
2.846608695108443499e-04
2.835569612216204405e-04
2.968019980471581221e-04
3.013085806742310524e-04
2.895420184358954430e-04
2.741852949839085340e-04
2.891905314754694700e-04
2.858149528037756681e-04
2.790846338029950857e-04
2.641773317009210587e-04
2.713061112444847822e-04
2.796732296701520681e-04
2.810574660543352365e-04
2.934799413196742535e-04
2.919878170359879732e-04
2.924547879956662655e-04
2.815790940076112747e-04
2.882896806113421917e-04
2.811841259244829416e-04
2.988327760249376297e-04
2.829965087585151196e-04
2.913591742981225252e-04
3.022700257133692503e-04
2.817305794451385736e-04
2.868135925382375717e-04
2.910635084845125675e-04
3.009117790497839451e-04
2.855454222299158573e-04
3.087769437115639448e-04
2.935880329459905624e-04
2.991941873915493488e-04
2.956433745566755533e-04
2.888301096390932798e-04
2.856669307220727205e-04
2.777122426778078079e-04
2.977294207084923983e-04
2.948398760054260492e-04
3.014788671862334013e-04
2.989569911733269691e-04
2.981376601383090019e-04
3.081438189838081598e-04
2.989338245242834091e-04
2.978322445414960384e-04
2.847443975042551756e-04
2.898329985328018665e-04
2.986572508234530687e-04
2.863596600946038961e-04
2.987558546010404825e-04
3.021095762960612774e-04
2.948372857645153999e-04
2.983520389534533024e-04
2.843280963134020567e-04
2.946684253402054310e-04
2.908028545789420605e-04
2.802324306685477495e-04
2.956133102998137474e-04
2.969857014250010252e-04
2.829233126249164343e-04
2.833719481714069843e-04
2.669157402124255896e-04
2.823162067215889692e-04
2.950333291664719582e-04
2.932139614131301641e-04
3.013480454683303833e-04
2.950302732642740011e-04
2.871037286240607500e-04
2.882436092477291822e-04
2.862468245439231396e-04
2.959449484478682280e-04
2.951635688077658415e-04
3.005894250236451626e-04
2.792890882119536400e-04
2.825963601935654879e-04
2.867305302061140537e-04
2.960526035167276859e-04
2.904235443565994501e-04
3.026080084964632988e-04
2.967591572087258101e-04
2.946199092548340559e-04
2.904998546000570059e-04
2.826848358381539583e-04
2.610358060337603092e-04
2.758403425104916096e-04
2.916920348070561886e-04
2.914455253630876541e-04
2.836990170180797577e-04
2.935929805971682072e-04
2.959080738946795464e-04
2.913206990342587233e-04
2.886932634282857180e-04
2.920578408520668745e-04
2.918042591772973537e-04
2.881558903027325869e-04
2.719644398894160986e-04
2.885470748879015446e-04
3.028838254977017641e-04
2.848384028766304255e-04
2.903645508922636509e-04
2.919730322901159525e-04
2.859570086002349854e-04
2.891311596613377333e-04
2.890465839300304651e-04
2.926040906459093094e-04
2.945542801171541214e-04
2.929494658019393682e-04
3.051202802453190088e-04
2.839114458765834570e-04
2.846098795998841524e-04
2.917180245276540518e-04
2.939558471553027630e-04
2.713889116421341896e-04
2.912805357482284307e-04
2.918616519309580326e-04
2.874847559724003077e-04
2.956801326945424080e-04
2.984025340992957354e-04
2.905290166381746531e-04
2.889470197260379791e-04
2.748387923929840326e-04
2.913167409133166075e-04
2.906536392401903868e-04
2.866618160624057055e-04
2.909540780819952488e-04
2.936744713224470615e-04
2.917649107985198498e-04
2.955248346552252769e-04
2.744174271356314421e-04
2.980906865559518337e-04
2.959577541332691908e-04
2.917856036219745874e-04
2.881817636080086231e-04
2.748678380157798529e-04
2.871049509849399328e-04
2.942341379821300507e-04
2.893950149882584810e-04
2.797573397401720285e-04
2.845875278580933809e-04
2.868393785320222378e-04
2.861292450688779354e-04
2.741485659498721361e-04
2.721396449487656355e-04
2.780741197057068348e-04
2.809635770972818136e-04
2.929545007646083832e-04
2.979508135467767715e-04
2.896701917052268982e-04
3.010389918927103281e-04
2.909557370003312826e-04
2.893047640100121498e-04
2.913225034717470407e-04
2.935495867859572172e-04
2.876979124266654253e-04
2.745940582826733589e-04
2.808933204505592585e-04
2.835805935319513083e-04
2.964963205158710480e-04
2.893193450290709734e-04
3.028289065696299076e-04
2.695365983527153730e-04
2.814710314851254225e-04
2.869478485081344843e-04
2.811014419421553612e-04
2.957276592496782541e-04
2.919426187872886658e-04
2.816195192281156778e-04
2.975276438519358635e-04
2.885143621824681759e-04
2.998265845235437155e-04
2.865152782760560513e-04
2.773359883576631546e-04
2.641235769260674715e-04
2.807315031532198191e-04
2.909723552875220776e-04
2.889896568376570940e-04
2.909563481807708740e-04
2.939848636742681265e-04
2.896238875109702349e-04
2.919683174695819616e-04
2.949998306576162577e-04
2.952237555291503668e-04
2.823182730935513973e-04
2.768956765066832304e-04
2.940798585768789053e-04
2.878103696275502443e-04
2.871194737963378429e-04
2.915707009378820658e-04
3.010301152244210243e-04
2.869313466362655163e-04
3.027289931196719408e-04
3.005661419592797756e-04
2.996555413119494915e-04
2.997491392306983471e-04
3.025358309969305992e-04
2.979938872158527374e-04
2.910058829002082348e-04
2.900517138186842203e-04
3.007661725860089064e-04
3.045805497094988823e-04
3.067044017370790243e-04
2.929441689047962427e-04
3.023577737621963024e-04
3.039104922208935022e-04
2.915407530963420868e-04
2.966281899716705084e-04
2.890830801334232092e-04
2.879483217839151621e-04
3.005445178132504225e-04
3.018117276951670647e-04
2.975907991640269756e-04
2.791596052702516317e-04
3.012967354152351618e-04
3.061789611820131540e-04
2.887280425056815147e-04
2.613535907585173845e-04
2.976028772536665201e-04
2.896802034229040146e-04
2.850495511665940285e-04
2.960370620712637901e-04
3.038799040950834751e-04
2.889211755245923996e-04
2.760844945441931486e-04
2.931998751591891050e-04
2.807974815368652344e-04
2.891413168981671333e-04
2.801561495289206505e-04
2.888399176299571991e-04
2.939096593763679266e-04
2.847544092219322920e-04
2.794758765958249569e-04
2.931808121502399445e-04
2.787860285025089979e-04
2.704857033677399158e-04
2.954770461656153202e-04
3.041724557988345623e-04
2.913156349677592516e-04
2.942324790637940168e-04
2.882567350752651691e-04
2.895784855354577303e-04
2.938048564828932285e-04
2.941555285360664129e-04
2.894719946198165417e-04
2.837045758496969938e-04
2.923107531387358904e-04
2.883921260945498943e-04
2.933715295512229204e-04
2.942506398539990187e-04
2.732969878707081079e-04
2.783228119369596243e-04
2.968056069221347570e-04
2.884367131628096104e-04
2.955726813524961472e-04
2.995726536028087139e-04
2.854142803698778152e-04
2.935421362053602934e-04
2.940235135611146688e-04
2.903631539084017277e-04
2.915044606197625399e-04
2.802425588015466928e-04
2.827844873536378145e-04
2.833935141097754240e-04
2.953337389044463634e-04
2.980039862450212240e-04
3.020893782377243042e-04
2.965420426335185766e-04
3.002262383233755827e-04
2.956711687147617340e-04
2.715096925385296345e-04
2.663425984792411327e-04
2.871349279303103685e-04
2.865162969101220369e-04
2.881642722059041262e-04
2.913119969889521599e-04
2.880284446291625500e-04
2.959967532660812140e-04
2.851711469702422619e-04
2.896378573495894670e-04
2.930750779341906309e-04
3.058523288927972317e-04
2.930938208010047674e-04
2.945940359495580196e-04
2.847058931365609169e-04
2.860045060515403748e-04
2.936994133051484823e-04
2.921634586527943611e-04
2.996161347255110741e-04
2.926804590970277786e-04
2.962520811706781387e-04
2.878966042771935463e-04
2.799663343466818333e-04
2.860535751096904278e-04
2.759360359050333500e-04
2.871129836421459913e-04
2.942743012681603432e-04
2.911737246904522181e-04
2.940085250884294510e-04
2.827727003023028374e-04
2.900210092775523663e-04
2.899040118791162968e-04
2.888810704462230206e-04
2.738164912443608046e-04
2.892805205192416906e-04
2.878426457755267620e-04
2.754325105343014002e-04
2.972076472360640764e-04
2.885691937990486622e-04
2.818132343236356974e-04
2.883830748032778502e-04
2.766953257378190756e-04
2.840689267031848431e-04
2.863209228962659836e-04
2.817477216012775898e-04
2.844067639671266079e-04
2.882985572796314955e-04
2.894423669204115868e-04
2.922098210547119379e-04
2.718271571211516857e-04
2.927508612629026175e-04
2.965027815662324429e-04
2.849637821782380342e-04
2.917359524872153997e-04
2.935996453743427992e-04
2.832304744515568018e-04
2.970526984427124262e-04
2.908916212618350983e-04
2.929138136096298695e-04
2.966513275168836117e-04
2.957005053758621216e-04
2.890135801862925291e-04
2.856999344658106565e-04
2.771216677501797676e-04
2.884554851334542036e-04
2.971313369926065207e-04
2.993578673340380192e-04
2.975926909130066633e-04
2.940777339972555637e-04
2.921296108979731798e-04
2.756864996626973152e-04
2.894136414397507906e-04
2.849435841199010611e-04
2.793114399537444115e-04
2.861692919395864010e-04
2.835556806530803442e-04
2.882282424252480268e-04
2.888201852329075336e-04
2.940653357654809952e-04
2.856442588381469250e-04
2.874865313060581684e-04
2.952983486466109753e-04
2.853384648915380239e-04
2.819659712258726358e-04
2.768278645817190409e-04
3.004138125106692314e-04
2.951906935777515173e-04
2.877645893022418022e-04
2.847899158950895071e-04
2.880533575080335140e-04
2.853388141375035048e-04
2.914466022048145533e-04
2.857406216207891703e-04
2.852058387361466885e-04
2.785253454931080341e-04
2.959544945042580366e-04
2.914603392127901316e-04
2.874602796509861946e-04
2.974047674797475338e-04
3.010128857567906380e-04
2.825137926265597343e-04
2.862687688320875168e-04
2.739399787969887257e-04
2.898667007684707642e-04
2.909331233240664005e-04
2.949266345240175724e-04
2.870719763450324535e-04
2.844931441359221935e-04
2.903728454839438200e-04
2.953925286419689655e-04
2.881824620999395847e-04
2.948129549622535706e-04
2.821251400746405125e-04
2.877021033782511950e-04
2.736515016295015812e-04
2.851319441106170416e-04
2.820798545144498348e-04
2.869671443477272987e-04
2.935011580120772123e-04
2.846464631147682667e-04
2.871106844395399094e-04
2.679888275451958179e-04
2.976618707180023193e-04
3.009680949617177248e-04
2.839374938048422337e-04
2.934563381131738424e-04
2.861383254639804363e-04
3.034222754649817944e-04
2.900888212025165558e-04
2.894896897487342358e-04
2.910040493588894606e-04
2.991986693814396858e-04
2.974683884531259537e-04
2.963882870972156525e-04
2.908527094405144453e-04
2.821900998242199421e-04
2.882803673855960369e-04
2.910803013946861029e-04
2.911072515416890383e-04
2.893832279369235039e-04
2.882491389755159616e-04
2.763021911960095167e-04
2.848983276635408401e-04
2.816588676068931818e-04
2.760581264737993479e-04
2.886303700506687164e-04
2.905849250964820385e-04
2.884948044084012508e-04
3.033298125956207514e-04
2.952185168396681547e-04
2.869072486646473408e-04
2.950514026451855898e-04
2.934032527264207602e-04
2.922089188359677792e-04
2.974810195155441761e-04
2.881632826756685972e-04
2.853570913430303335e-04
2.876273065339773893e-04
2.895159705076366663e-04
2.903574786614626646e-04
2.971957437694072723e-04
2.898469683714210987e-04
2.928591857198625803e-04
2.980379795189946890e-04
2.890166942961513996e-04
2.932707720901817083e-04
2.904619614128023386e-04
3.009671345353126526e-04
2.961886639241129160e-04
2.852917241398245096e-04
2.996736729983240366e-04
2.991462533827871084e-04
2.932706847786903381e-04
2.899415267165750265e-04
2.982750884257256985e-04
2.947355096694082022e-04
2.741867792792618275e-04
2.977565745823085308e-04
2.887342125177383423e-04
2.869358868338167667e-04
2.949237532448023558e-04
2.904387365560978651e-04
2.789218851830810308e-04
2.968568878713995218e-04
2.827177522704005241e-04
2.881650871131569147e-04
2.880386891774833202e-04
3.010347427334636450e-04
2.850392193067818880e-04
2.992361551150679588e-04
2.999978896696120501e-04
2.862924011424183846e-04
2.841965469997376204e-04
2.903458662331104279e-04
2.940472913905978203e-04
2.905214787460863590e-04
2.791948209051042795e-04
3.065956698264926672e-04
2.810045552905648947e-04
2.914411306846886873e-04
3.034746914636343718e-04
2.921498962678015232e-04
3.025383630301803350e-04
2.898713864851742983e-04
2.926024317275732756e-04
2.854542399290949106e-04
3.010600921697914600e-04
3.014998510479927063e-04
2.975331735797226429e-04
2.877353690564632416e-04
2.940046251751482487e-04
2.920536207966506481e-04
2.826048585120588541e-04
2.971066569443792105e-04
2.842676476575434208e-04
2.974164963234215975e-04
2.898422535508871078e-04
2.830848679877817631e-04
2.956524840556085110e-04
2.838584186974912882e-04
2.838642976712435484e-04
2.915972145274281502e-04
2.731612185016274452e-04
2.866295690182596445e-04
2.952508220914751291e-04
2.929080801550298929e-04
2.995872928295284510e-04
2.841715759132057428e-04
2.872195909731090069e-04
2.924040309153497219e-04
2.988255291711539030e-04
3.010630316566675901e-04
3.010710643138736486e-04
2.938603283837437630e-04
3.047651262022554874e-04
2.889335446525365114e-04
2.964097075164318085e-04
3.019672876689583063e-04
2.915793156716972589e-04
3.046317433472722769e-04
2.919370599556714296e-04
2.926959132310003042e-04
2.987743646372109652e-04
3.009598294738680124e-04
3.025722689926624298e-04
2.869167074095457792e-04
3.055414417758584023e-04
2.992089721374213696e-04
2.779826754704117775e-04
2.907080051954835653e-04
3.029691870324313641e-04
2.956918906420469284e-04
3.031039668712764978e-04
2.998010604642331600e-04
2.952883369289338589e-04
2.944232546724379063e-04
3.061003808397799730e-04
2.992853114847093821e-04
2.919452090281993151e-04
2.962357539217919111e-04
3.015311085619032383e-04
2.956124080810695887e-04
2.896709775086492300e-04
2.812676539178937674e-04
2.994781534653156996e-04
2.892135817091912031e-04
2.930663176812231541e-04
3.008888452313840389e-04
3.004315076395869255e-04
2.816885535139590502e-04
3.021694719791412354e-04
2.982940059155225754e-04
3.016116970684379339e-04
3.025181649718433619e-04
2.866679860744625330e-04
3.007104969583451748e-04
2.916458761319518089e-04
2.968800836242735386e-04
3.012964734807610512e-04
2.991051587741822004e-04
3.022730234079062939e-04
2.997415722347795963e-04
2.990397915709763765e-04
2.997982373926788568e-04
2.929373004008084536e-04
2.798362111207097769e-04
2.864984853658825159e-04
2.889335446525365114e-04
2.999329299200326204e-04
2.934697258751839399e-04
2.917712845373898745e-04
3.040473966393619776e-04
2.878066734410822392e-04
2.937438257504254580e-04
2.987385378219187260e-04
2.955185773316770792e-04
2.943102444987744093e-04
3.025026526302099228e-04
3.003018500749021769e-04
2.798593777697533369e-04
2.869766904041171074e-04
2.970275527331978083e-04
2.994659880641847849e-04
2.958274562843143940e-04
3.020301810465753078e-04
2.872198238037526608e-04
3.002828161697834730e-04
2.927801106125116348e-04
2.940850390587002039e-04
2.922971907537430525e-04
2.847136347554624081e-04
2.984683087561279535e-04
2.848150325007736683e-04
2.982293954119086266e-04
2.964171580970287323e-04
2.959970443043857813e-04
2.860052336473017931e-04
3.023572789970785379e-04
2.947596658486872911e-04
2.910950570367276669e-04
2.983493614010512829e-04
3.005573526024818420e-04
2.945246233139187098e-04
2.941726997960358858e-04
2.989242202602326870e-04
2.961943391710519791e-04
3.015195543412119150e-04
2.968439657706767321e-04
2.958981785923242569e-04
2.896072401199489832e-04
2.891576441470533609e-04
2.950156922452151775e-04
2.982779406011104584e-04
3.030509396921843290e-04
2.932850038632750511e-04
2.952627546619623899e-04
2.939141122624278069e-04
2.937114040832966566e-04
2.837818756233900785e-04
2.852691686712205410e-04
2.929012989625334740e-04
2.860541280824691057e-04
2.943321887869387865e-04
2.819836954586207867e-04
2.978880656883120537e-04
2.997939300257712603e-04
2.922372950706630945e-04
2.905090514104813337e-04
2.974049129988998175e-04
3.013073874171823263e-04
2.965969324577599764e-04
3.028169448953121901e-04
3.005408216267824173e-04
3.038142749574035406e-04
3.043390752281993628e-04
2.861599496100097895e-04
2.908675232902169228e-04
3.050237428396940231e-04
3.033517277799546719e-04
3.008350904565304518e-04
2.967493492178618908e-04
2.959974808618426323e-04
2.905285218730568886e-04
2.983006124850362539e-04
2.887351438403129578e-04
3.065515484195202589e-04
2.966541796922683716e-04
3.023079189006239176e-04
3.035600238945335150e-04
2.772723382804542780e-04
2.739222545642405748e-04
2.910766925197094679e-04
2.928326139226555824e-04
2.781882649287581444e-04
2.910001494456082582e-04
2.941197308246046305e-04
2.930629707407206297e-04
2.913574862759560347e-04
2.962493745144456625e-04
2.986867330037057400e-04
2.958849945571273565e-04
2.974287199322134256e-04
2.994583337567746639e-04
2.700493205338716507e-04
2.921803970821201801e-04
2.916134544648230076e-04
2.979993587359786034e-04
2.973449882119894028e-04
2.934675430878996849e-04
2.875798090826719999e-04
2.930558985099196434e-04
3.031588275916874409e-04
2.935884403996169567e-04
3.001313307322561741e-04
2.972729271277785301e-04
2.955640666186809540e-04
2.997057745233178139e-04
2.916258235927671194e-04
2.920112165156751871e-04
2.991945657413452864e-04
3.004799655172973871e-04
2.831068995874375105e-04
2.874715428333729506e-04
2.966758620459586382e-04
2.827817224897444248e-04
2.976140531245619059e-04
2.936027885880321264e-04
2.875153149943798780e-04
2.984001475851982832e-04
2.996008261106908321e-04
2.834229380823671818e-04
2.904730790760368109e-04
2.898675156757235527e-04
2.952991344500333071e-04
2.920577244367450476e-04
2.720200282055884600e-04
2.937543613370507956e-04
2.858494117390364408e-04
2.872621989808976650e-04
2.883170091081410646e-04
2.814807230606675148e-04
2.905422006733715534e-04
3.058119909837841988e-04
2.723198849707841873e-04
2.821794187184423208e-04
2.868770388886332512e-04
2.933209470938891172e-04
3.028200007975101471e-04
2.893553755711764097e-04
3.007959458045661449e-04
2.942108258139342070e-04
2.886881120502948761e-04
2.879642997868359089e-04
2.862098917830735445e-04
2.947214525192975998e-04
3.043304895982146263e-04
2.899033133871853352e-04
2.958659606520086527e-04
2.762862714007496834e-04
2.949702320620417595e-04
2.862843975890427828e-04
2.986699691973626614e-04
3.010730142705142498e-04
2.944851876236498356e-04
3.011526132468134165e-04
2.898906241171061993e-04
2.961597056128084660e-04
3.016815171577036381e-04
2.860763343051075935e-04
2.856135251931846142e-04
2.852193429134786129e-04
2.983301819767802954e-04
3.015876864083111286e-04
3.021993907168507576e-04
2.777155605144798756e-04
2.958890108857303858e-04
2.936201344709843397e-04
2.831923193298280239e-04
2.999092685058712959e-04
2.925075823441147804e-04
3.000192518811672926e-04
2.882812696043401957e-04
2.922041749116033316e-04
2.988429041579365730e-04
3.070207021664828062e-04
2.743907098192721605e-04
2.874305355362594128e-04
2.912173513323068619e-04
2.981103898491710424e-04
2.965861931443214417e-04
2.905222063418477774e-04
2.902932174038141966e-04
2.898891398217529058e-04
2.835761988535523415e-04
2.857751387637108564e-04
2.930136397480964661e-04
2.852112520486116409e-04
3.026379272341728210e-04
2.880088286474347115e-04
2.878163359127938747e-04
2.919824328273534775e-04
2.866858267225325108e-04
2.926810411736369133e-04
2.967805194202810526e-04
2.769772836472839117e-04
2.881359832827001810e-04
2.848181466106325388e-04
2.880480606108903885e-04
2.984009624924510717e-04
2.802291710395365953e-04
2.945770102087408304e-04
2.971142239402979612e-04
2.910134498961269855e-04
2.934436779469251633e-04
2.994660462718456984e-04
2.951635979115962982e-04
2.900300896726548672e-04
2.954339724965393543e-04
2.988141495734453201e-04
2.900235413108021021e-04
2.918448881246149540e-04
2.905054716393351555e-04
2.927204768639057875e-04
2.964844170492142439e-04
2.914801880251616240e-04
2.875257050618529320e-04
2.935677475761622190e-04
2.879142703022807837e-04
2.888601156882941723e-04
2.863075060304254293e-04
2.907224989030510187e-04
2.945023588836193085e-04
2.964161976706236601e-04
2.970506029669195414e-04
2.847244613803923130e-04
2.752274740487337112e-04
2.782872179523110390e-04
2.808113640639930964e-04
2.818942884914577007e-04
3.040720184799283743e-04
2.933492069132626057e-04
3.060092567466199398e-04
2.961452701129019260e-04
2.977370459120720625e-04
2.915652003139257431e-04
2.891757467295974493e-04
2.930043556261807680e-04
2.880478859879076481e-04
2.803052193485200405e-04
2.928405301645398140e-04
2.821674279402941465e-04
2.980227873194962740e-04
2.906721783801913261e-04
2.941896964330226183e-04
2.946181921288371086e-04
3.024633042514324188e-04
2.851315948646515608e-04
2.901949628721922636e-04
2.927481546066701412e-04
2.906073932535946369e-04
2.929298207163810730e-04
2.853672485798597336e-04
2.919536200352013111e-04
2.946102758869528770e-04
2.912237250711768866e-04
2.939932746812701225e-04
