6.633399520069360733e-03
1.802472252165898681e-05
2.123061422025784850e-04
1.238315453520044684e-04
3.847031621262431145e-05
5.575055911322124302e-05
1.764421118423342705e-03
3.113441169261932373e-02
4.529909417033195496e-02
3.274242044426500797e-05
5.295276423566974699e-05
5.855973722646012902e-05
6.769804167561233044e-05
6.476385169662535191e-05
4.907637048745527864e-05
1.538319156679790467e-05
8.345982496393844485e-05
3.061945244553498924e-05
8.141880243783816695e-05
1.348649238934740424e-04
8.592874655732885003e-05
2.209135273005813360e-04
4.157787043368443847e-05
6.309329910436645150e-05
1.961963425856083632e-05
7.168513548094779253e-06
1.207694822369376197e-05
8.156890544341877103e-05
2.584980029496364295e-05
5.624328696285374463e-05
4.080705184605903924e-05
3.481950989225879312e-05
3.400553032406605780e-05
5.393176979850977659e-05
1.190431885333964601e-05
8.038972009671851993e-05
1.150049411080544814e-05
5.017212242819368839e-05
2.168311184505000710e-04
2.476596455380786210e-05
1.534346520202234387e-04
6.424165621865540743e-05
5.451363904285244644e-05
5.367013727664016187e-05
5.540221172850579023e-05
8.476122748106718063e-04
1.523247647128300741e-05
4.059320053784176707e-05
1.154407364083454013e-04
4.006864401162602007e-05
3.688428259920328856e-04
6.880360888317227364e-05
4.866114250035025179e-05
1.087820419343188405e-04
1.050553983077406883e-03
6.271939491853117943e-05
7.975091648404486477e-06
1.383317430736497045e-05
1.312021195190027356e-04
1.856260678323451430e-05
6.410382338799536228e-04
1.273132693313527852e-05
4.046077810926362872e-05
3.988926473539322615e-04
2.999135904246941209e-05
3.934697815566323698e-05
1.212379265780327842e-05
3.370748163433745503e-05
8.766054634179454297e-06
7.417490269290283322e-05
3.409665441722609103e-05
1.683604568825103343e-05
2.295237936777994037e-05
4.674658703152090311e-04
7.357091526500880718e-04
1.813801791286095977e-04
1.410265249432995915e-04
2.959261182695627213e-03
3.211854345863685012e-05
4.684389932663179934e-05
7.896114839240908623e-04
2.103766200889367610e-05
2.042925370915327221e-05
2.072142888209782541e-05
3.373836443643085659e-05
4.965875177731504664e-06
3.649506106739863753e-05
1.752474418026395142e-05
2.483178468537516892e-05
4.297033228795044124e-06
2.698196476558223367e-05
2.531587379053235054e-03
2.261142071802169085e-04
5.747038085246458650e-05
9.621944627724587917e-06
2.005008718697354198e-05
5.951369530521333218e-06
1.301799693465000018e-05
3.602171636885032058e-05
3.643984018708579242e-05
4.287426418159157038e-05
3.940878741559572518e-05
2.659820711414795369e-05
9.738401786307804286e-06
1.142789460573112592e-05
3.338449168950319290e-04
1.492354112997418270e-05
3.697820648085325956e-05
3.714481499628163874e-05
6.615030724788084626e-05
1.435543643310666084e-03
1.787401924957521260e-05
2.586355549283325672e-05
3.355587250553071499e-05
5.220723687671124935e-05
2.427561776130460203e-05
2.699541619222145528e-05
8.746283128857612610e-06
1.827760570449754596e-05
9.405468517797999084e-06
3.709413795149885118e-05
8.959446131484583020e-05
2.698755706660449505e-04
3.720539098139852285e-05
1.202842686325311661e-03
1.725062975310720503e-05
4.796127541339956224e-05
2.713505091378465295e-05
1.666433527134358883e-04
1.378822162223514169e-05
7.329481886699795723e-04
7.490800227969884872e-03
8.251620783994439989e-06
1.652685205044690520e-05
3.977146479883231223e-05
3.005357939400710166e-05
3.273932030424475670e-03
4.489465936785563827e-05
4.649545371648855507e-05
3.805896994890645146e-05
3.098752131336368620e-05
4.830899342778138816e-05
6.662670330115361139e-06
1.097375024983193725e-05
4.186521618976257741e-05
2.334101009182631969e-05
5.516734090633690357e-04
2.712872628762852401e-05
3.291862594778649509e-05
2.938495345006231219e-05
2.027812115557026118e-05
2.719550866459030658e-05
2.538844637456350029e-05
2.345488428545650095e-05
3.011216358572710305e-05
1.281661934626754373e-05
1.353800962533568963e-05
1.766731838870327920e-05
5.926152516622096300e-05
6.338025559671223164e-05
1.457188591302838176e-05
1.455136771255638450e-05
5.352005246095359325e-06
2.840234628820326179e-05
6.968876550672575831e-05
3.033217581105418503e-05
1.870416963356547058e-05
1.129447718994924799e-05
1.907473080791532993e-03
2.136186230927705765e-04
1.335945707978680730e-04
1.208695350214838982e-03
6.717166343150893226e-06
7.133842154871672392e-05
8.006322786968667060e-06
5.776126999990083277e-05
2.691400004550814629e-05
5.706253432435914874e-05
6.656214827671647072e-05
2.285558184667024761e-05
2.761276664386969060e-05
7.013290451141074300e-05
1.635288936085999012e-05
1.225761516252532601e-04
2.584058347565587610e-05
2.419756310700904578e-05
3.281804674770683050e-05
3.667025157483294606e-05
2.653302908584009856e-05
3.867217310471460223e-05
2.145077814930118620e-05
3.134875805699266493e-05
8.159904609783552587e-06
1.351501305180136114e-05
9.374303772347047925e-06
8.921905828174203634e-05
4.091900191269814968e-04
5.263527855277061462e-04
4.229182741255499423e-05
5.463789057102985680e-05
8.023352165764663368e-06
7.949543942231684923e-06
3.155690385028719902e-03
4.509573955147061497e-06
2.519845729693770409e-04
9.515523561276495457e-05
1.030625426210463047e-03
3.668631252367049456e-04
3.514589843689464033e-05
1.171999843791127205e-03
4.048168193548917770e-06
2.568558011262211949e-05
1.267431944143027067e-04
2.239496279798913747e-05
4.981354868505150080e-05
9.022337508213240653e-06
3.157584797008894384e-05
1.003960096568334848e-05
4.409511893754824996e-05
3.295905116829089820e-05
5.631602107314392924e-06
3.248210850870236754e-05
2.925353328464552760e-05
2.733810470090247691e-05
5.008041262044571340e-05
2.230845348094590008e-05
1.921062721521593630e-05
1.694923150353133678e-03
5.398562643676996231e-05
2.043776112259365618e-05
4.218683443468762562e-06
1.708863055682741106e-05
5.766802496509626508e-05
3.784690343309193850e-04
3.851025758194737136e-05
2.457152913848403841e-05
1.285739472223212942e-05
8.062855158641468734e-06
3.754057615878991783e-05
7.827153604011982679e-05
2.160985750379040837e-04
3.880319854943081737e-05
4.928815542371012270e-05
6.084926644689403474e-05
8.417215212830342352e-06
1.030966541293310001e-05
6.369080074364319444e-05
1.304484612774103880e-05
4.509701102506369352e-05
1.368559514958178625e-05
1.110281446017324924e-03
3.039649891434237361e-05
4.206059384159743786e-05
1.140951290726661682e-01
8.488161984132602811e-05
2.886598849727306515e-05
4.723550227936357260e-05
3.752309567062184215e-05
9.793184290174394846e-06
4.679824269260279834e-05
8.675583558215294033e-06
1.050634182320209220e-05
1.660657835600432009e-05
1.239899484062334523e-05
1.887720463855657727e-05
4.692290895036421716e-05
4.363524931250140071e-05
1.839575452322605997e-05
5.699761823052540421e-05
1.399319080519489944e-05
2.184338227380067110e-04
2.205995097756385803e-02
7.456957973772659898e-06
3.062585892621427774e-05
5.839177174493670464e-05
2.786190452752634883e-05
3.103830022155307233e-05
3.272418689448386431e-05
1.674810424447059631e-03
6.704546103719621897e-05
5.032558692619204521e-04
7.178900887083727866e-06
1.848753454396501184e-04
2.992056215589400381e-05
1.173309283331036568e-05
4.849831384490244091e-05
4.720042124972678721e-05
4.805119897355325520e-05
4.064306631335057318e-05
3.786688102991320193e-05
5.481951302499510348e-05
2.455183675920125097e-05
5.856167263118550181e-05
2.866358590836171061e-05
5.776010584668256342e-05
8.385335095226764679e-04
8.428384899161756039e-05
4.460511263459920883e-05
1.564481499372050166e-05
1.666029311309102923e-05
4.086005355929955840e-05
5.357237023417837918e-05
5.270297697279602289e-05
5.145219256519339979e-05
2.154606481781229377e-04
4.402689592097885907e-05
4.347229332779534161e-05
1.158261511591263115e-05
4.184903082204982638e-05
3.577631650841794908e-05
2.893127930292394012e-05
1.871913991635665298e-05
1.727780909277498722e-04
1.279433054151013494e-04
2.086260610667522997e-05
2.674898132681846619e-05
1.478313333791447803e-05
2.340012542845215648e-05
4.620319305104203522e-05
3.033483517356216908e-05
7.477637700503692031e-05
3.877611015923321247e-05
1.017851900542154908e-05
8.061408298090100288e-04
5.656998837366700172e-05
4.979370278306305408e-04
1.136830542236566544e-05
1.207447894557844847e-05
2.190648592659272254e-05
4.532057937467470765e-05
1.667227661528158933e-05
9.215722457156516612e-06
8.321178029291331768e-06
1.032819418469443917e-04
2.205731288995593786e-05
4.507083940552547574e-05
5.149020580574870110e-04
2.684973696887027472e-05
1.478359536122297868e-05
4.477120819501578808e-05
7.759965956211090088e-05
4.907355469185858965e-05
4.251316568115726113e-05
3.917039066436700523e-05
1.479194543207995594e-05
6.453617970691993833e-05
2.126335130014922470e-05
8.037727639020886272e-06
2.519717236282303929e-05
3.647715857368893921e-05
8.398336831305641681e-06
1.387039355904562399e-05
7.071237632771953940e-05
3.508757799863815308e-05
6.280140951275825500e-05
1.386247549817198887e-05
1.346217322861775756e-05
1.092448019335279241e-05
9.483401299803517759e-06
1.061891543940873817e-05
3.731244942173361778e-05
2.672320624697022140e-05
3.131549965473823249e-05
1.643607538426294923e-05
1.607474696356803179e-04
2.321824104001279920e-05
9.182911526295356452e-06
2.883612614823505282e-05
9.066251550393644720e-06
1.359248744847718626e-05
7.859874131099786609e-06
3.063519034185446799e-05
5.529757618205621839e-05
1.919791538966819644e-04
1.841162702476140112e-05
2.237196531496010721e-05
3.299100353615358472e-05
9.010285884141921997e-02
1.671139216341543943e-05
3.097497392445802689e-05
3.318930248497053981e-05
5.555476309382356703e-05
1.416067243553698063e-05
6.596737421205034479e-06
9.313751434092409909e-06
4.782792166224680841e-05
1.464178640162572265e-04
2.368223249504808336e-05
3.652167288237251341e-05
3.525112697388976812e-05
3.428398631513118744e-04
3.228258865419775248e-04
1.060312752088066190e-05
2.549975179135799408e-04
6.524128839373588562e-04
1.372822680423269048e-05
4.480521602090448141e-05
2.457026857882738113e-04
5.625904123007785529e-06
5.933898137300275266e-06
5.652984327753074467e-05
4.275732862879522145e-05
3.906554775312542915e-05
1.226769643835723400e-03
6.777090311516076326e-05
3.240658043068833649e-05
3.004758582392241806e-05
8.724139479454606771e-05
1.749527291394770145e-05
2.934962867584545165e-05
5.699510438716970384e-05
8.700348553247749805e-05
4.125078703509643674e-05
1.594225614098832011e-04
5.735896775149740279e-05
3.858667332679033279e-05
6.094031414249911904e-05
2.622034808155149221e-04
4.106971027795225382e-05
1.782110630301758647e-04
1.682970032561570406e-04
1.506581174908205867e-04
1.526334963273257017e-04
1.728512579575181007e-04
1.777556753950193524e-04
1.693120429990813136e-04
1.734641118673607707e-04
1.688780175754800439e-04
1.709769712761044502e-04
1.710178767098113894e-04
1.685030147200450301e-04
1.718395797070115805e-04
1.690796780167147517e-04
1.677264226600527763e-04
1.449862378649413586e-03
1.232479582540690899e-03
1.235120231285691261e-03
1.474379911087453365e-03
1.284680794924497604e-03
1.238693599589169025e-03
1.248340238817036152e-03
1.166517380625009537e-03
1.141654793173074722e-03
1.127242459915578365e-03
1.164498622529208660e-03
1.148427370935678482e-03
1.157269231043756008e-03
1.138064661063253880e-03
1.106017967686057091e-03
1.148155191913247108e-03
1.139462227001786232e-03
1.136989216320216656e-03
1.125004608184099197e-03
1.122428337112069130e-03
1.109912875108420849e-03
1.106235897168517113e-03
1.122260582633316517e-03
1.108047086745500565e-03
1.120141707360744476e-03
1.082381815649569035e-03
1.073653809726238251e-03
1.101606059819459915e-03
1.050831167958676815e-03
1.089678611606359482e-03
1.093431375920772552e-03
1.080721733160316944e-03
1.080177491530776024e-03
9.923541219905018806e-04
1.002855016849935055e-03
1.092275022529065609e-03
2.724434489209670573e-05
3.021629345312248915e-05
4.278456617612391710e-04
6.068550283089280128e-04
3.279290831414982677e-05
4.087937122676521540e-05
4.192531196167692542e-05
6.748382020305143669e-06
3.258425567764788866e-05
1.260117915080627427e-05
7.945151446620002389e-05
3.779269900405779481e-05
5.735120430472306907e-05
3.627404294093139470e-05
3.420377033762633801e-04
3.270130764576606452e-05
1.422831519448664039e-05
3.249901419621892273e-05
1.711927143333014101e-05
4.221038398100063205e-05
3.903976903529837728e-05
1.078010518540395424e-05
8.561383765481878072e-06
4.724417885881848633e-05
5.188736395211890340e-05
5.813728421344421804e-05
2.228330777143128216e-05
2.321246756764594465e-05
1.168115268228575587e-04
5.040379255660809577e-05
1.599978895683307201e-05
6.616487517021596432e-04
5.553041701205074787e-04
3.444735921220853925e-05
1.771028109942562878e-05
1.836131559684872627e-05
9.522591426502913237e-06
2.695955845410935581e-05
5.217929356149397790e-05
1.470787265134276822e-05
4.002370769740082324e-05
6.049513103789649904e-06
2.557226071076001972e-05
8.963836990005802363e-06
8.659755621920339763e-06
8.970827366283629090e-06
1.318812428507953882e-05
3.009587235283106565e-04
5.206250352784991264e-04
6.968251545913517475e-04
3.431083168834447861e-04
7.354729459621012211e-04
7.078702328726649284e-04
9.390581399202346802e-04
2.628024958539754152e-04
6.042805616743862629e-04
5.771953146904706955e-04
6.163877551443874836e-04
5.840426892973482609e-04
5.851821042597293854e-04
5.344687378965318203e-04
5.177374114282429218e-04
6.011919467709958553e-04
6.042425520718097687e-04
5.143873859196901321e-04
5.122066941112279892e-04
5.943050491623580456e-04
5.601788288913667202e-04
5.379331414587795734e-04
4.963718238286674023e-04
4.550920566543936729e-04
4.395438882056623697e-04
5.945672164671123028e-04
2.506767850718460977e-05
3.016986374859698117e-05
1.923466152220498770e-05
6.361570558510720730e-05
1.624682408873923123e-05
1.340633207291830331e-05
3.489703522063791752e-05
1.135404272645246238e-05
2.726189086388330907e-05
1.284509780816733837e-04
5.995381070533767343e-05
2.951861824840307236e-05
3.448251300142146647e-05
2.535158273531123996e-05
2.339953425689600408e-05
3.045719859073869884e-05
1.746804628055542707e-04
3.659451613202691078e-05
9.253159805666655302e-05
1.209444089909084141e-04
9.215463796863332391e-05
1.371898251818493009e-04
5.553743685595691204e-04
3.574916336219757795e-04
2.805275471473578364e-05
1.342671748716384172e-04
1.877253635029774159e-05
4.930861541652120650e-05
1.851535853347741067e-05
1.025572601065505296e-05
4.032095603179186583e-05
1.101832185668172315e-05
4.823807976208627224e-04
1.639514448470436037e-05
3.781592022278346121e-05
7.396701403195038438e-05
3.941731119994074106e-05
7.154555059969425201e-04
5.228664304013364017e-05
3.621466021286323667e-05
1.136261289502726868e-05
3.747970185941085219e-05
3.282978650531731546e-05
5.343972952687181532e-05
5.486494410433806479e-05
2.301382482983171940e-05
1.345298551314044744e-05
7.118852863641222939e-06
1.679540400800760835e-05
1.817810516513418406e-05
9.378187314723618329e-06
5.297058669384568930e-05
2.675997529877349734e-05
3.720612949109636247e-05
2.394458169874269515e-05
1.352593517367495224e-05
3.200173159711994231e-05
1.776748285919893533e-05
5.088014222565107048e-05
1.498310666647739708e-05
2.652228795341216028e-05
1.995924685616046190e-04
2.041793050011619925e-05
2.728978506638668478e-05
2.224162453785538673e-04
1.530376175651326776e-05
8.748166692384984344e-06
2.999538082804065198e-05
4.260888817952945828e-05
4.342808460933156312e-05
1.421661727363243699e-05
1.419910768163390458e-05
5.654936103383079171e-06
2.814327599480748177e-04
6.375762950483476743e-06
3.510804526740685105e-05
3.918735819752328098e-05
9.920714546751696616e-06
3.542372360243462026e-05
9.690367733128368855e-06
2.869640229619108140e-05
1.570026324770879000e-05
4.310435906518250704e-05
2.115162715199403465e-05
2.241373294964432716e-05
1.538965807412751019e-05
4.409992834553122520e-05
2.396689524175599217e-05
1.681834146438632160e-05
2.492130079190246761e-05
3.813185321632772684e-05
8.009874363779090345e-06
4.635607183445245028e-05
2.646325629029888660e-05
1.119257831305731088e-05
2.151660555682610720e-05
2.455390495015308261e-05
2.263277201564051211e-05
1.227976190421031788e-05
8.317211177200078964e-05
1.651829552429262549e-05
2.870517528208438307e-05
2.643290645210072398e-05
4.585906935972161591e-05
3.967550946981646121e-05
2.411124296486377716e-05
1.910331593535374850e-05
1.027347752824425697e-05
7.011474372120574117e-05
3.941046452382579446e-05
9.708831385069061071e-06
4.669498230214230716e-05
2.229992969660088420e-05
1.234055147506296635e-03
4.081048246007412672e-05
4.232524224789813161e-05
2.146055339835584164e-05
1.206331853609299287e-05
4.688581248046830297e-05
7.624157660757191479e-06
2.128720370819792151e-04
3.920773815480060875e-05
3.288408333901315928e-05
3.793114228756166995e-05
2.897892227338161319e-05
4.274472303222864866e-05
1.335875422228127718e-04
5.153650636202655733e-05
2.818211214616894722e-05
4.095191980013623834e-05
2.743155528150964528e-05
1.139517098636133596e-05
3.746285801753401756e-05
3.551524059730581939e-05
5.091843559057451785e-05
6.040115113137289882e-05
1.641775452299043536e-05
8.838984285830520093e-06
9.861943908617831767e-06
5.539570702239871025e-05
1.456566587876295671e-05
2.445957943564280868e-05
3.165096277371048927e-04
3.814500132648390718e-06
4.353795156930573285e-05
1.112047357310075313e-05
4.858360989601351321e-05
4.962223465554416180e-04
1.468322880100458860e-04
2.092888280458282679e-05
4.317895673011662439e-06
1.778320802259258926e-05
1.520612568128854036e-05
5.166660776012577116e-05
3.725033093360252678e-05
1.272665031137876213e-05
2.855563980119768530e-05
3.403794107725843787e-05
3.529282184899784625e-05
3.788856702158227563e-05
7.555628690170124173e-05
2.452216904202941805e-05
4.610235555446706712e-05
5.529284826479852200e-04
8.134514791890978813e-05
8.466727013001218438e-05
2.482246054569259286e-05
1.825644430937245488e-04
6.662815576419234276e-05
3.321083204355090857e-05
3.087948789470829070e-05
8.367638656636700034e-05
5.286482337396591902e-05
3.186622780049219728e-05
3.495877172099426389e-05
9.245933142665307969e-06
3.935484710382297635e-05
2.332515941816382110e-05
3.400792411412112415e-05
4.984317638445645571e-05
7.666480087209492922e-06
3.401875073905102909e-05
5.685583892045542598e-05
5.849585795658640563e-05
3.107021257164888084e-05
4.805165735888294876e-05
6.215145549504086375e-05
8.750054985284805298e-05
6.056507118046283722e-04
9.319355012848973274e-05
6.058545113774016500e-05
6.853578088339418173e-05
2.673700691957492381e-05
1.261946272279601544e-05
3.582849967642687261e-05
3.604989979066886008e-05
3.494986594887450337e-05
7.031621862552128732e-06
7.984430340002290905e-06
1.996174796659033746e-05
7.165259376051835716e-06
4.757708302349783480e-05
7.260130223585292697e-05
1.004607474897056818e-05
1.766050809237640351e-05
4.975506453774869442e-05
2.935265547421295196e-05
5.383602001529652625e-06
8.704519132152199745e-06
9.051098459167405963e-06
7.284153070941101760e-06
4.350848030298948288e-05
2.290109841851517558e-05
4.330504816607572138e-05
5.072751082479953766e-04
2.925191438407637179e-06
3.851827568723820150e-05
1.455949040973791853e-05
1.347794568573590368e-05
3.520979953464120626e-05
2.090476773446425796e-04
1.751786294335033745e-05
1.478563877753913403e-03
1.844682992668822408e-05
1.706760231172665954e-04
4.788406295119784772e-05
6.518251757370308042e-05
4.146917126490734518e-05
1.691073339316062629e-05
4.495637767831794918e-05
5.017310832045041025e-05
4.490646460908465087e-05
2.810957266774494201e-05
1.886165591713506728e-05
5.477919694385491312e-05
1.528760549263097346e-05
4.386532600619830191e-05
6.702321843476966023e-05
4.640052429749630392e-05
1.346136923530139029e-05
4.069857823196798563e-05
2.367066190345212817e-05
3.040050251001957804e-05
6.045064656063914299e-04
2.795133150357287377e-05
2.848220356099773198e-05
1.643409450480248779e-05
2.829416371241677552e-05
2.128431879100389779e-05
3.793838186538778245e-05
5.415541818365454674e-05
4.751888991449959576e-05
4.131781315663829446e-05
3.498018486425280571e-06
2.092971044476144016e-05
2.704633880057372153e-05
4.980881567462347448e-05
4.337649443186819553e-05
8.932043419918045402e-05
6.036378181306645274e-05
6.472756649600341916e-05
1.239897392224520445e-04
1.143120229244232178e-03
4.530331352725625038e-05
4.579185042530298233e-05
1.274526002816855907e-04
1.150306070485385135e-05
2.343406958971172571e-05
2.194795888499356806e-05
3.912795727956108749e-05
1.015428188111400232e-05
7.729749995633028448e-06
1.373994862660765648e-03
2.859002779587171972e-05
1.273582747671753168e-04
4.586968861985951662e-05
4.370887472759932280e-05
5.420224988483823836e-05
7.125667762011289597e-04
6.299446249613538384e-05
4.309126597945578396e-05
9.035734110511839390e-04
2.654957097547594458e-05
3.089395977440290153e-05
3.233418829040601850e-05
3.157704122713766992e-05
4.889951014774851501e-05
2.610107367218006402e-05
3.214044045307673514e-05
1.558382355142384768e-04
7.820664177415892482e-05
5.667892401106655598e-05
1.511351911176461726e-05
2.694853756111115217e-04
4.993479160475544631e-05
6.529958336614072323e-04
4.810405953321605921e-04
5.036854417994618416e-05
3.105780924670398235e-04
5.156428233021870255e-05
1.194021897390484810e-03
2.399690674792509526e-05
8.393284952035173774e-05
1.363032934023067355e-04
4.251565042068250477e-05
8.900494140107184649e-05
2.593114186311140656e-05
4.480709321796894073e-05
1.601431635208427906e-03
3.885216938215307891e-05
3.240743171772919595e-05
2.730970154516398907e-04
2.423539262963458896e-05
4.287546107661910355e-05
1.795143762137740850e-04
1.371917460346594453e-05
1.387333613820374012e-04
1.370946574752451852e-05
7.503276719944551587e-05
6.448864587582647800e-05
1.929996942635625601e-04
1.710684227873571217e-05
1.160486044682329521e-05
1.234255068993661553e-05
5.817046258016489446e-05
3.892885433742776513e-05
1.487211739004123956e-05
5.870163658983074129e-05
5.037970186094753444e-05
6.208473678270820528e-06
5.171973316464573145e-05
5.482664164446759969e-06
2.133249836333561689e-05
1.603483397047966719e-04
8.194723341148346663e-05
4.534565960057079792e-05
5.863491605850867927e-05
5.860407691216096282e-05
4.987383726984262466e-05
3.501008613966405392e-04
1.504093961557373405e-04
4.904054003418423235e-05
2.459631286910735071e-05
5.677377703250385821e-05
2.045867950073443353e-05
6.765772704966366291e-04
1.483342202845960855e-05
3.654004103736951947e-05
4.208090103929862380e-05
5.133635931997559965e-05
7.254771844600327313e-06
3.238137651351280510e-05
6.803424912504851818e-05
9.346113984065596014e-06
7.769723015371710062e-05
9.022779522638302296e-06
3.745198409887962043e-05
3.754255521926097572e-05
3.064928390085697174e-02
6.132652924861758947e-05
1.339212212769780308e-05
1.605825491424184293e-05
2.365867840126156807e-05
2.415185372228734195e-05
2.016889084188733250e-05
5.359277110983384773e-06
1.461715419281972572e-05
2.672977279871702194e-05
6.188841780385700986e-06
5.760549538535997272e-05
5.771557698608376086e-05
1.486979454057291150e-05
5.327276812749914825e-05
2.876178041333332658e-05
4.513903695624321699e-05
3.404089875402860343e-05
8.297846943605691195e-05
2.628116817504633218e-05
2.576817314547952265e-05
3.785018634516745806e-05
3.818031109403818846e-05
1.002447825158014894e-04
4.339641236583702266e-05
2.331899668206460774e-05
2.324445449630729854e-05
5.016262730350717902e-05
3.977458254666998982e-05
6.970504728087689728e-06
2.054080687230452895e-05
4.315946716815233231e-05
3.947902223444543779e-05
2.499243782949633896e-05
3.960122558055445552e-05
5.557983604376204312e-05
1.477847399655729532e-04
2.938556644949130714e-05
3.680869849631562829e-05
1.870678897830657661e-05
1.716872975521255285e-05
5.012100518797524273e-05
3.650192957138642669e-05
1.541923120385035872e-05
3.058471702388487756e-05
3.696500789374113083e-05
3.667884084279648960e-05
2.325728019059170038e-05
4.837878805119544268e-05
1.845360566221643239e-05
4.230238846503198147e-05
7.137307547964155674e-04
3.812994009422254749e-06
1.939229150593746454e-05
2.288297764607705176e-05
1.586520556884352118e-05
5.436534775071777403e-05
5.034951027482748032e-05
5.418291038949973881e-05
9.567666893417481333e-06
4.331801756052300334e-05
4.517127672443166375e-05
1.611291008885018528e-05
2.330322240595705807e-05
2.611325726320501417e-05
1.534013608761597425e-05
6.137315358500927687e-05
2.975193820020649582e-05
1.526808591734152287e-05
4.393372728372924030e-05
5.990798672428354621e-05
2.360511098231654614e-05
3.803613071795552969e-04
1.015385714708827436e-05
3.601597200031392276e-05
1.738423161441460252e-04
2.996360126417130232e-05
1.500351354479789734e-04
1.308612445427570492e-05
3.351250416017137468e-05
4.718936179415322840e-05
4.529478610493242741e-05
5.817877899971790612e-05
9.377111564390361309e-04
1.219027853949228302e-05
4.671634087571874261e-06
3.022222335857804865e-05
1.728874485706910491e-05
1.413807785866083577e-05
2.424209378659725189e-05
9.353782843390945345e-06
1.708992931526154280e-05
3.690918674692511559e-05
5.365068500395864248e-05
2.730735650402493775e-05
2.200633389293216169e-06
1.824872379074804485e-05
5.251431866781786084e-05
2.975670395244378597e-05
6.543471681652590632e-05
3.560653567546978593e-05
3.548860695445910096e-05
2.001290340558625758e-05
8.789311323198489845e-06
1.714815443847328424e-04
3.448963616392575204e-05
3.575401569833047688e-05
4.945890395902097225e-05
4.617224840330891311e-05
4.963696483173407614e-06
8.877256914274767041e-05
6.882700108690187335e-05
5.524872176465578377e-05
5.168582356418482959e-05
2.753868466243147850e-05
2.490602128091268241e-05
6.107641820563003421e-05
2.234536805190145969e-05
1.165801404567901045e-05
2.348886846448294818e-05
1.239174980582902208e-05
3.015230322489514947e-05
3.696469502756372094e-05
8.401816012337803841e-05
1.116751809604465961e-04
3.633807500591501594e-05
3.473993274383246899e-05
5.085596421849913895e-05
4.325640111346729100e-05
6.334978024824522436e-06
5.060247985966270790e-06
1.861546770669519901e-04
8.220929157687351108e-05
8.412135503022000194e-05
4.795031418325379491e-05
3.689101868076249957e-05
8.677877303853165358e-06
3.379327245056629181e-05
8.779270501690916717e-06
4.730643013317603618e-06
3.394105806364677846e-05
5.693754792446270585e-05
4.472248474485240877e-05
5.375268665375187993e-05
1.596173096913844347e-04
3.967832162743434310e-05
2.609735383884981275e-05
3.241455488023348153e-05
1.652403625485021621e-05
1.338915990345412865e-05
5.993447120999917388e-05
1.342978794127702713e-05
4.799513044417835772e-05
1.882460928754881024e-04
3.890171865350566804e-05
2.041196785285137594e-05
3.159568586852401495e-05
4.203042044537141919e-05
2.258796303067356348e-05
5.926682933932170272e-05
1.113658217946067452e-04
5.583925667451694608e-05
5.593907917500473559e-05
9.712659448268823326e-06
4.576688661472871900e-05
2.619812585180625319e-05
4.624026041710749269e-05
2.216593566117808223e-05
1.339482114417478442e-04
1.831692316045518965e-05
1.968873766600154340e-05
5.730470729758962989e-05
6.903945904923602939e-05
5.040992618887685239e-05
4.578712832881137729e-05
2.350646536797285080e-05
6.507384387077763677e-05
4.263738810550421476e-05
1.231811529578408226e-05
3.656126136775128543e-05
2.693378883122932166e-05
4.587158764479681849e-05
2.667591797944623977e-05
1.443430755898589268e-05
4.048931004945188761e-04
4.813187115360051394e-05
1.474944001529365778e-04
1.259999135072575882e-05
1.337756657449062914e-05
1.958820212166756392e-05
5.519125261344015598e-05
5.381197479437105358e-05
5.970562779111787677e-05
2.840470187948085368e-05
2.548961856518872082e-05
5.091103594168089330e-05
2.649431371537502855e-05
2.394927287241443992e-05
2.439383388264104724e-05
5.616000998998060822e-05
4.206718222121708095e-05
3.841286525130271912e-05
3.856612238450907171e-05
3.125232979073189199e-05
3.181708234478719532e-05
8.330947457579895854e-05
1.285891448787879199e-05
6.067028607503743842e-06
2.531078098400030285e-05
1.161406034952960908e-04
3.230445508961565793e-05
4.434410584508441389e-05
4.124065526411868632e-05
2.221720569650642574e-05
1.375756983179599047e-04
2.976523501274641603e-05
3.395831299712881446e-05
5.777817568741738796e-05
4.034057928947731853e-05
4.588016963680274785e-05
4.462411379790864885e-05
3.774692231672815979e-05
8.054501813603565097e-05
3.629710045061074197e-05
3.425357135711237788e-05
3.434863174334168434e-05
4.256635293131694198e-05
4.197901944280602038e-06
1.021041771309683099e-05
4.498684575082734227e-05
3.881416705553419888e-05
4.570552482618950307e-05
1.880121126305311918e-04
5.037729715695604682e-05
4.082051600562408566e-05
5.127810072735883296e-05
2.518870496714953333e-05
1.507416527601890266e-05
3.166185342706739902e-05
5.288165630190633237e-05
5.274550858302973211e-05
2.075168413284700364e-05
4.225125667289830744e-05
3.175591700710356236e-05
3.161454515065997839e-05
2.421726276224944741e-05
2.241004403913393617e-05
3.837702024611644447e-05
6.416305404854938388e-05
2.546280302340164781e-05
8.595079634687863290e-06
6.022139132255688310e-05
4.680821075453422964e-05
7.797524449415504932e-05
5.510208575287833810e-05
4.682309372583404183e-05
8.565773896407335997e-05
7.065058161970227957e-05
2.803969255182892084e-05
1.078652712749317288e-05
2.271378798468504101e-05
1.188962050946429372e-05
2.308994044142309576e-05
4.881074710283428431e-05
4.604873538482934237e-05
8.357587830687407404e-06
3.082405601162463427e-05
1.357059663860127330e-04
2.265401562908664346e-04
2.930909977294504642e-04
4.947279740008525550e-05
3.970517354900948703e-05
2.521432725188788027e-05
9.866720574791543186e-06
4.725547842099331319e-05
4.140155215281993151e-05
6.449207830883096904e-06
3.243556784582324326e-05
1.356450684397714213e-05
1.652697210374753922e-05
3.566174564184620976e-05
1.584370511409360915e-05
8.366156544070690870e-05
2.577292798378039151e-05
2.326112007722258568e-05
1.429486746928887442e-05
9.423447045264765620e-05
5.086983946966938674e-05
6.436276453314349055e-05
4.565908602671697736e-05
1.505105683463625610e-05
3.351394479977898300e-05
3.605810707085765898e-05
3.465258851065300405e-05
3.907930658897385001e-05
1.693387275736313313e-05
1.205875469167949632e-05
2.350488102820236236e-05
1.061098555510398000e-05
1.621256524231284857e-05
5.126319592818617821e-05
2.462488555465824902e-05
4.220220944262109697e-05
8.271011211036238819e-06
2.286394737893715501e-05
1.228901146532734856e-05
3.955648207920603454e-05
4.193803033558651805e-05
5.371885345084592700e-05
2.213522384408861399e-05
1.259301498066633940e-04
1.958119901246391237e-05
4.760173032991588116e-05
2.098663935612421483e-05
9.364807738165836781e-06
1.240976780536584556e-05
3.287103754701092839e-05
1.304093439102871343e-05
1.130065083998488262e-05
3.603896402637474239e-05
2.472249325364828110e-04
3.761109473998658359e-05
4.422706842888146639e-05
4.848681783187203109e-05
5.302189492795150727e-06
4.277217885828576982e-05
1.352210074401227757e-05
3.662472227006219327e-05
4.921835716231726110e-05
5.085758675704710186e-05
1.758034522936213762e-05
8.496881491737440228e-06
5.027719889767467976e-04
3.094505518674850464e-05
3.057668436667881906e-05
1.449983246857300401e-04
5.771628639195114374e-05
5.708714525098912418e-05
1.020500985760008916e-05
7.643518074473831803e-06
3.779308462981134653e-05
3.360306436661630869e-05
4.442946010385639966e-05
2.337471960345283151e-05
2.182831667596474290e-05
3.853568705380894244e-05
1.739935578370932490e-05
3.951971666538156569e-05
5.644894918077625334e-05
5.679502282873727381e-05
4.491086656344123185e-05
5.188489740248769522e-05
5.703557690139859915e-05
5.316415263223461807e-05
5.855905692442320287e-05
4.304113826947286725e-05
7.756040577078238130e-05
6.510006642201915383e-05
6.502190080936998129e-05
4.577857907861471176e-05
2.338642843824345618e-05
2.363334715482778847e-05
5.702129055862314999e-05
5.326896643964573741e-05
1.716237966320477426e-05
3.485423076199367642e-05
8.826140401652082801e-06
3.292684414191171527e-05
5.288634565658867359e-05
4.112358874408528209e-05
2.762176518444903195e-05
5.501553823705762625e-05
5.153805977897718549e-05
1.850069747888483107e-05
2.702745550777763128e-04
6.694313924526795745e-05
6.119780300650745630e-05
4.791244282387197018e-05
5.308066101861186326e-05
2.368032437516376376e-05
7.943154923850670457e-05
3.456961712799966335e-05
4.055323370266705751e-05
5.362920273910276592e-05
2.607196256576571614e-05
5.191475065657868981e-05
5.263443745207041502e-05
3.916764853784115985e-06
3.408269321880652569e-06
6.837500404799357057e-05
1.316778980253729969e-05
2.109461092913988978e-05
6.459966243710368872e-05
3.799769910983741283e-05
1.978634645638521761e-05
3.219956706743687391e-04
1.456409245292888954e-05
2.575003236415795982e-05
1.162779335572849959e-05
3.033987377420999110e-05
5.079221864434657618e-06
7.497264596167951822e-05
7.138281129300594330e-03
2.516221502446569502e-05
2.672042137419339269e-05
1.702439112705178559e-05
3.149114490952342749e-05
6.185010715853422880e-05
2.820080408127978444e-05
3.364610893186181784e-05
7.829356036381796002e-06
1.670813617238309234e-05
4.326314956415444613e-05
6.038736319169402122e-05
2.845312883437145501e-05
5.666425931849516928e-05
5.548281114897690713e-05
2.652007678989320993e-04
1.902733856695704162e-05
3.239594298065640032e-05
4.369686575955711305e-05
2.030771247518714517e-05
1.720797081361524761e-05
4.408653694554232061e-05
6.947118527023121715e-05
1.326051733485655859e-05
8.355321915587410331e-05
7.278161319845821708e-06
4.029186311527155340e-05
3.999446562374942005e-05
3.607626422308385372e-05
3.159202969982288778e-05
2.554514867370016873e-05
5.982386937830597162e-05
6.468877109000459313e-05
3.466564521659165621e-05
5.002028046874329448e-05
4.388752495287917554e-05
1.734339275571983308e-05
4.482326039578765631e-05
3.541778642102144659e-05
2.200976632593665272e-05
2.984705315611790866e-05
4.424452345119789243e-05
3.148172618239186704e-05
1.999118649109732360e-05
4.714859824161976576e-05
4.274102684576064348e-05
1.927805897139478475e-05
4.889972842647694051e-05
2.058787140413187444e-05
1.599986535438802093e-05
3.635189932538196445e-05
4.030310083180665970e-05
1.825154322432354093e-05
4.101509694010019302e-05
4.586912837112322450e-05
5.265548679744824767e-05
3.453552199061959982e-05
1.366412907373160124e-04
1.677244581514969468e-04
1.441347267245873809e-04
1.459225313737988472e-04
1.468699483666568995e-04
1.097052809200249612e-04
1.118099316954612732e-04
1.927295306813903153e-05
1.898909249575808644e-05
4.593979610945098102e-05
3.109987665084190667e-05
3.363757059560157359e-05
1.955106563400477171e-05
1.155678273789817467e-05
2.350206341361626983e-05
1.007717102766036987e-03
3.215543983969837427e-05
1.776293538569007069e-05
1.205512126034591347e-05
6.953750926186330616e-06
4.136460574954980984e-06
4.173762135906144977e-05
4.394623829284682870e-05
4.022899520350620151e-05
3.829187699011527002e-05
1.119860826293006539e-05
4.001665365649387240e-05
4.226975943311117589e-05
6.017860505380667746e-05
2.324879096704535186e-05
5.749749107053503394e-05
1.653390499996021390e-04
2.336456964258104563e-05
3.257801290601491928e-05
6.568528624484315515e-05
3.959559035138227046e-05
6.665444743703119457e-06
4.303770765545777977e-05
6.758004747098311782e-05
4.740093936561606824e-05
6.383486470440402627e-05
5.341520954971201718e-05
4.289822754799388349e-05
1.875653106253594160e-05
1.081087248167023063e-05
1.038012305798474699e-05
1.115091617975849658e-05
3.015168113051913679e-05
1.566638275107834488e-05
3.370391641510650516e-05
2.445133213768713176e-05
4.488857666729018092e-05
6.250484875636175275e-05
4.177292430540546775e-05
7.641149750270415097e-06
1.356408756691962481e-05
2.949862573586869985e-05
2.190168379456736147e-05
3.734814526978880167e-05
4.597837687470018864e-05
2.358170968363992870e-05
8.426494605373591185e-05
8.619215805083513260e-05
1.787625296856276691e-05
4.650094706448726356e-05
2.979653436341322958e-05
4.665489541366696358e-05
4.574693957692943513e-05
4.770065061165951192e-05
3.824938539764843881e-05
8.263275958597660065e-06
3.518166704452596605e-05
2.954671072075143456e-05
7.039079719106666744e-06
4.026132228318601847e-05
4.170536340097896755e-05
2.684901301108766347e-05
4.350774906924925745e-05
1.998197876673657447e-05
3.584865407901816070e-05
4.962561797583475709e-05
4.173982688371324912e-06
1.679991873970720917e-05
2.086030872305855155e-05
6.956347078812541440e-06
3.690513767651282251e-05
2.338940612389706075e-05
2.477980342519003898e-05
2.580890577519312501e-05
4.464591256692074239e-05
5.207674348639557138e-06
8.084475848590955138e-05
3.270830347901210189e-05
5.236715878709219396e-05
4.246667231200262904e-05
2.175234840251505375e-05
2.216162101831287146e-05
2.303184919583145529e-05
5.464895002660341561e-05
2.537079853937029839e-04
3.601223215810023248e-05
4.428045940585434437e-05
2.478562782926019281e-05
3.997888779849745333e-05
3.075047288803034462e-06
2.188839062000624835e-05
8.286833690362982452e-06
3.470462388577288948e-06
8.385170076508074999e-06
1.947512646438553929e-05
5.267770757200196385e-05
2.171500818803906441e-05
5.726975359721109271e-05
4.516516128205694258e-05
1.465330296923639253e-05
2.872564073186367750e-05
2.298049730597995222e-05
4.148451989749446511e-05
4.350296512711793184e-05
1.868437684606760740e-04
5.267166125122457743e-05
1.105421856045722961e-01
3.624069358920678496e-05
2.267393938382156193e-05
2.089274494210258126e-05
5.858290023752488196e-05
1.568641018820926547e-04
4.304848698666319251e-05
3.790882328758016229e-05
4.320027437643148005e-05
4.370086753624491394e-05
1.835396105889230967e-04
2.888299059122800827e-05
4.940372309647500515e-05
1.895449531730264425e-05
5.279090328258462250e-05
5.699776374967768788e-05
2.452597436786163598e-05
5.344089004211127758e-05
1.280758806387893856e-05
1.739052240736782551e-04
1.511914797447388992e-05
4.183652708888985217e-05
5.754946687375195324e-05
2.955019590444862843e-05
2.568269337643869221e-05
5.083343785372562706e-05
2.215187123510986567e-05
4.165834980085492134e-05
6.178481999086216092e-05
6.248324643820524216e-05
3.233599272789433599e-05
6.506664794869720936e-04
3.037384340132120997e-05
5.470760152093134820e-05
1.539057848276570439e-05
1.552647518110461533e-05
3.791452763834968209e-05
2.293580473633483052e-05
1.592283297213725746e-05
6.733581540174782276e-05
3.973418279201723635e-05
4.460993295651860535e-05
3.236646443838253617e-05
3.273383845225907862e-05
5.326628888724371791e-05
4.323861139710061252e-05
1.410588265571277589e-05
2.561924247856950387e-06
5.617821079795248806e-05
8.088841423159465194e-05
2.375008989474736154e-05
3.098840170423500240e-05
5.186642010812647641e-05
1.241232257598312572e-05
1.948699355125427246e-05
3.108314558630809188e-05
7.866052328608930111e-05
4.557516149361617863e-05
1.789356028893962502e-04
4.379736128612421453e-05
3.560903860488906503e-05
3.564190410543233156e-05
2.565649265307001770e-05
1.555791277496609837e-05
6.684502295684069395e-06
2.930901064246427268e-05
2.340199898753780872e-05
1.984588197956327349e-05
2.953192233690060675e-05
2.581374246801715344e-05
1.780576712917536497e-05
8.494965186400804669e-06
4.908398477709852159e-05
6.120395119069144130e-05
4.897799044556450099e-06
4.432832793099805713e-05
9.207907169184181839e-06
6.063717228244058788e-05
1.519830402685329318e-04
2.458341441524680704e-05
2.481821684341412038e-05
2.745646997937001288e-05
2.457520713505800813e-05
2.531685640860814601e-05
6.598226264031836763e-06
2.381404374318663031e-05
8.082771091721951962e-05
1.532277201476972550e-05
1.787984547263476998e-05
1.758460894052404910e-05
1.001822820398956537e-04
1.592692933627404273e-05
2.835406121448613703e-05
5.081511062599020079e-06
2.914410652010701597e-05
3.711128738359548151e-05
2.680531542864628136e-05
7.430211553582921624e-05
4.053293014294467866e-05
8.750834967941045761e-05
2.351494185859337449e-05
6.451671652030199766e-05
4.522498056758195162e-04
1.741090272844303399e-05
5.905858415644615889e-05
1.204383879667147994e-04
1.544711085443850607e-05
5.488166789291426539e-05
7.273741357494145632e-05
2.754955785349011421e-04
4.755246845888905227e-05
9.363365097669884562e-05
9.279096047976054251e-06
5.274466820992529392e-05
3.625440876930952072e-05
4.456972237676382065e-05
1.095461084332782775e-05
1.467681795475073159e-05
6.168153504404472187e-06
2.452290755172725767e-05
1.310447441937867552e-05
3.415749233681708574e-05
3.076705615967512131e-05
2.836937164829578251e-05
4.550258381641469896e-05
4.011889177490957081e-05
3.301941615063697100e-05
2.821218913595657796e-05
4.345208071754314005e-05
3.027295315405353904e-05
3.782257772400043905e-05
3.705983908730559051e-05
5.040289033786393702e-05
5.440106906462460756e-05
6.151902198325842619e-05
1.982827052415814251e-05
6.548395322170108557e-05
5.798033453174866736e-05
3.704038681462407112e-05
8.417985372943803668e-05
8.667042129673063755e-05
3.336218651384115219e-05
4.078800702700391412e-05
3.333663698867894709e-05
4.358576552476733923e-05
2.889840834541246295e-05
2.638884325278922915e-05
6.061011663405224681e-05
8.260034519480541348e-06
2.808270983223337680e-05
3.395091916900128126e-04
2.809613397403154522e-05
2.584319554443936795e-05
4.022585562779568136e-05
1.132937086367746815e-05
4.157079456490464509e-05
3.879892028635367751e-05
2.594700890767853707e-05
4.439223994268104434e-05
1.499729660281445831e-05
1.132989564212039113e-05
7.474679296137765050e-05
2.418055919406469911e-05
5.391673767007887363e-05
2.293880243087187409e-05
1.861283817561343312e-05
5.697929736925289035e-05
5.964309093542397022e-05
2.506087730580475181e-05
2.384645995334722102e-05
9.755292921909131110e-06
2.951746637336327694e-06
3.213714226149022579e-04
3.449604992056265473e-05
2.611358650028705597e-05
4.572784746414981782e-05
5.719068940379656851e-05
6.107317312853410840e-05
3.373202343937009573e-05
3.530849789967760444e-05
3.611917054513469338e-05
8.949539915192872286e-05
9.855021744442638010e-06
1.197212168335681781e-05
2.556667641329113394e-05
4.677747347159311175e-05
1.163493379863211885e-05
2.469324972480535507e-04
5.069038525107316673e-05
1.441481708752689883e-05
5.021571632823906839e-05
2.269551441713701934e-05
2.972839320136699826e-05
1.389291355735622346e-05
6.797652895329520106e-05
2.527278229536022991e-05
1.695596984063740820e-05
2.368510831729508936e-05
3.576964081730693579e-05
3.763741551665589213e-05
2.521573878766503185e-05
3.808272231253795326e-05
2.879407475120387971e-05
1.289665306103415787e-05
3.311183172627352178e-05
4.085311229573562741e-05
2.547002259234432131e-05
1.052887309924699366e-04
4.347171488916501403e-05
1.792790499166585505e-05
2.553067679400555789e-05
3.220620419597253203e-05
8.461537800030782819e-05
4.095175609108991921e-05
4.959181023878045380e-05
2.100080746458843350e-05
4.280275970813818276e-05
5.396867345552891493e-05
4.228768011671490967e-05
3.274401024100370705e-05
3.576749804778955877e-05
7.044966332614421844e-05
1.315446297667222098e-05
3.207795089110732079e-05
1.520111527497647330e-05
9.488191608397755772e-06
1.052260904543800279e-05
3.441798980929888785e-05
4.107704808120615780e-05
4.779769369633868337e-05
3.258997458033263683e-05
2.220801434305030853e-05
6.290221062954515219e-05
1.723912282614037395e-05
1.628805694053880870e-05
3.081479007960297167e-05
7.013339200057089329e-05
3.157789615215733647e-05
6.375585144269280136e-06
3.962095433962531388e-05
3.873360401485115290e-05
1.800195059331599623e-05
3.863236997858621180e-05
1.491406692366581410e-05
2.566407601989340037e-05
4.922956941300071776e-05
1.983348556677810848e-05
3.521358303260058165e-05
6.360326369758695364e-05
5.739103289670310915e-05
4.436649760464206338e-05
6.165570084704086185e-05
6.310892058536410332e-05
4.069359783898107708e-05
2.963203769468236715e-05
2.711528395593632013e-05
5.009301094105467200e-05
2.833491998899262398e-05
7.474064659618306905e-06
2.995703653141390532e-05
3.213126183254644275e-05
4.847486707149073482e-05
3.649822974693961442e-05
8.867901669873390347e-06
2.404740189376752824e-05
2.237912485725246370e-05
3.591958738979883492e-05
8.269630779977887869e-05
2.778380803647451103e-05
1.437315950170159340e-05
1.416990744473878294e-05
2.250606121378950775e-05
2.005870555876754224e-05
3.576175004127435386e-05
3.390650090295821428e-05
3.465708869043737650e-05
3.088420271524228156e-05
4.745193291455507278e-05
5.874343696632422507e-05
5.486241934704594314e-05
2.512464561732485890e-05
3.214286698494106531e-05
7.583059050375595689e-05
3.219485370209440589e-05
2.468308593961410224e-05
1.745580084389075637e-05
1.266896924789762124e-05
1.073555085895350203e-05
3.417753396206535399e-05
2.209077138104476035e-05
4.652796997106634080e-05
3.764955908991396427e-05
3.688415017677471042e-05
4.779282608069479465e-05
3.634287713794037700e-05
3.801132334046997130e-05
2.934033909696154296e-05
1.036794674291741103e-05
1.539335607958491892e-05
3.110299803665839136e-05
1.182828600576613098e-05
2.673987910384312272e-05
3.656727858469821513e-05
8.831258310237899423e-05
2.056492121482733637e-05
3.013215973624028265e-05
2.910648436227347702e-05
2.763652810244821012e-05
1.523193168395664543e-05
1.578037336003035307e-05
2.278264582855626941e-05
4.128529326408170164e-05
2.357182165724225342e-05
2.511498132662381977e-05
3.445656329859048128e-05
2.318429142178501934e-05
3.230733636883087456e-05
2.002600558625999838e-05
1.484195854573044926e-05
9.431814760318957269e-06
1.568368134030606598e-05
4.087177512701600790e-05
6.661848601652309299e-05
2.452081571391317993e-05
2.679018052731407806e-06
4.267101303412346169e-06
3.024306579391122796e-06
2.553833837737329304e-05
3.378961991984397173e-06
1.330824852630030364e-05
4.873341094935312867e-05
6.152509013190865517e-05
5.173857061890885234e-05
8.357164915651082993e-06
8.109908958431333303e-05
4.909046401735395193e-05
1.191821065731346607e-04
3.704506525536999106e-05
4.579402593662962317e-05
5.119164052302949131e-05
5.399151632445864379e-05
2.467367812641896307e-05
4.696950418292544782e-05
8.190819244191516191e-06
1.752742900862358510e-05
7.326766990445321426e-06
3.249708242947235703e-05
2.676218900887761265e-05
7.554734565928811207e-06
1.668485492700710893e-05
4.068308771820738912e-05
7.595977513119578362e-05
8.213584806071594357e-06
5.794645858259173110e-06
8.430859452346339822e-06
4.123900362174026668e-05
4.249174162396229804e-05
2.255128310935106128e-05
4.229867772664874792e-05
4.140464079682715237e-05
5.280352706904523075e-05
4.731625085696578026e-05
4.840950714424252510e-05
2.047614725597668439e-05
3.774477590923197567e-05
1.752037496771663427e-05
4.638854443328455091e-05
2.544226299505680799e-05
4.644272485165856779e-05
2.230850805062800646e-05
1.695061291684396565e-05
1.734232500893995166e-05
2.405101258773356676e-05
6.249274065339704975e-06
2.526231946831103414e-05
2.647349538165144622e-05
2.611383024486713111e-05
3.839594864984974265e-05
2.957728065666742623e-05
6.270589437917806208e-06
4.349281152826733887e-05
3.582511635613627732e-05
5.674243584508076310e-05
5.486800364451482892e-05
6.787213806092040613e-06
5.357896588975563645e-05
5.287210296955890954e-05
5.542157668969593942e-05
2.747288635873701423e-05
1.254850758414249867e-05
2.582993329269811511e-05
1.092487764253746718e-05
6.008499985910020769e-05
6.392141949618235230e-05
4.173897832515649498e-05
1.000219981506234035e-05
2.447011866024695337e-05
3.621634823502972722e-05
1.797642835299484432e-05
5.426595089375041425e-05
3.581214332371018827e-05
4.764432014781050384e-05
2.263184796902351081e-05
2.546262476244010031e-05
2.662036604306194931e-05
2.984809725603554398e-05
4.326080306782387197e-05
4.362057370599359274e-05
2.541389403631910682e-05
4.639996859623352066e-06
2.267780109832528979e-05
2.085709274979308248e-05
2.030765244853682816e-05
3.533176277414895594e-05
3.585752710932865739e-05
2.814525214489549398e-05
5.634581248159520328e-05
3.067946818191558123e-05
2.738370312727056444e-05
1.366248488920973614e-05
1.828339009080082178e-05
2.460349787725135684e-05
5.564153252635151148e-05
4.819358218810521066e-05
3.240345904487185180e-05
4.641421037376858294e-05
4.004661604994907975e-05
3.745054345927201211e-05
4.356074350653216243e-05
2.957587093987967819e-05
9.836228855419903994e-06
1.514476753072813153e-05
3.345646837260574102e-05
1.377859553031157702e-05
2.567026604083366692e-05
3.830141577054746449e-05
1.291185071750078350e-05
1.288049588765716180e-05
1.993809564737603068e-05
2.948487963294610381e-05
4.163093399256467819e-05
3.278347867308184505e-05
2.981264879053924233e-05
2.973980917886365205e-05
5.693713319487869740e-05
1.437877563148504123e-05
4.179450843366794288e-05
6.271737220231443644e-06
7.356160949711920694e-06
2.769151615211740136e-05
2.869296258722897619e-05
4.784065458807162941e-05
3.086301876464858651e-05
1.873665314633399248e-05
2.368156674492638558e-05
2.345924804103560746e-05
6.825229502283036709e-05
1.619269256480038166e-03
1.924925163621082902e-04
4.233036015648394823e-04
4.828337114304304123e-05
2.411272289464250207e-04
1.252831134479492903e-04
2.132395638909656554e-05
1.046505622070981190e-05
5.799637801828794181e-05
5.108317782287485898e-05
4.582987094181589782e-05
4.792379331775009632e-05
6.433043745346367359e-05
4.666269524022936821e-05
5.766403046436607838e-05
4.122365498915314674e-05
6.933648546691983938e-05
2.084959851345047355e-04
2.510637386876624078e-05
9.435028914595022798e-06
7.315977200050838292e-06
2.494136606401298195e-05
1.552873254695441574e-05
4.181731856078840792e-05
1.652025821385905147e-05
3.559808828867971897e-05
4.436375456862151623e-05
6.451975787058472633e-05
2.830631638062186539e-05
3.556648880476132035e-05
5.268933819024823606e-05
5.390318256104364991e-05
9.998850146075710654e-06
7.864115468692034483e-05
8.727367094252258539e-05
2.437984221614897251e-05
2.580741056590341032e-05
8.270670150523073971e-06
9.082978067453950644e-06
2.444119854771997780e-05
1.311986561631783843e-04
3.436875340412370861e-05
4.112674287171103060e-05
5.865535058546811342e-05
4.650845221476629376e-05
1.683507434790953994e-05
1.378873548674164340e-05
3.290236418251879513e-05
2.803569259413052350e-05
2.236134423583280295e-05
4.762240496347658336e-05
8.321279892697930336e-05
4.903513035969808698e-05
1.478364356444217265e-05
2.263384885736741126e-05
9.405038435943424702e-04
2.303353685420006514e-04
7.267227192642167211e-05
2.316706013516522944e-05
1.913509622681885958e-04
1.082183553080540150e-05
1.582520962983835489e-05
7.343501056311652064e-05
4.328080194682115689e-06
2.343893174838740379e-05
8.919089304981753230e-05
7.087262474669842049e-06
1.807102125894743949e-05
1.072426221071509644e-05
9.619607226341031492e-06
1.304294164583552629e-05
1.159288603957975283e-05
6.370800747390603647e-06
1.503661769675090909e-05
2.643428160808980465e-05
1.879119554359931499e-05
5.910397521802224219e-05
1.037612528307363391e-04
6.324694550130516291e-05
4.879037805949337780e-05
5.671309918398037553e-05
5.369756036088801920e-05
5.480840991367585957e-05
1.332791543973144144e-05
1.367183995171217248e-05
2.852350735338404775e-05
2.610220690257847309e-05
2.668478737177792937e-05
1.127273499150760472e-04
4.475999594433233142e-05
3.805557571467943490e-05
1.838438220147509128e-05
5.550639252760447562e-05
8.189911750378087163e-05
3.329655373818241060e-05
1.823874845285899937e-05
9.850221431406680495e-06
3.155670856358483434e-05
3.597406976041384041e-05
3.480921441223472357e-05
4.562013600661884993e-06
2.440068055875599384e-05
3.529714012984186411e-05
1.083694005501456559e-04
1.079060257325181738e-05
2.915185177698731422e-05
2.634219345054589212e-05
3.784016371355392039e-05
1.103062095353379846e-05
3.898317299899645150e-05
5.935415538260713220e-05
2.932569623226299882e-05
4.163810081081464887e-05
2.041607513092458248e-05
5.894045898457989097e-05
5.398232678999193013e-05
3.395517705939710140e-05
3.530411777319386601e-05
1.997062099690083414e-05
1.952792226802557707e-04
3.017212438862770796e-04
3.488571019261144102e-05
5.501097257365472615e-05
5.434925697045400739e-05
4.576241553877480328e-05
3.727949206222547218e-06
4.617562444764189422e-05
4.474068555282428861e-05
2.805270924000069499e-06
6.754625064786523581e-05
4.308092684368602931e-05
4.509608515945728868e-06
2.253137972729746252e-05
3.716392166097648442e-05
5.360288923839107156e-06
7.992936843947973102e-06
2.933517134806606919e-05
1.378807155560934916e-05
3.750115138245746493e-05
8.278988389065489173e-06
2.323178705410100520e-05
2.995577051478903741e-05
1.221894490299746394e-05
2.931043854914605618e-05
2.259705252072308213e-05
2.289669282617978752e-05
4.978826473234221339e-05
4.505908509599976242e-05
2.647131259436719120e-05
4.230250488035380840e-05
2.000089880311861634e-04
4.312807504902593791e-05
4.058843478560447693e-05
5.029159365221858025e-05
3.699500302900560200e-05
3.033657412743195891e-05
4.730742512037977576e-05
1.332404917775420472e-05
3.398298213141970336e-05
3.848591586574912071e-05
2.946460735984146595e-04
5.511720082722604275e-04
5.015319329686462879e-04
1.510271104052662849e-04
1.749873626977205276e-04
7.486102404072880745e-04
1.469975686632096767e-04
1.031416104524396360e-04
6.300003733485937119e-04
1.615024666534736753e-04
2.032896445598453283e-04
2.148887724615633488e-04
8.948067552410066128e-04
1.885398705780971795e-05
6.530965765705332160e-05
1.684621383901685476e-05
1.633753709029406309e-05
4.289127173251472414e-05
2.325645255041308701e-05
2.444281926727853715e-05
1.868747676780913025e-05
1.106136915041133761e-05
1.959480869118124247e-05
5.653486368828453124e-05
6.387977919075638056e-05
5.251432958175428212e-05
2.266097726533189416e-04
7.359550363617017865e-05
1.699194108368828893e-04
1.815012365113943815e-04
1.746690832078456879e-04
1.711371296551078558e-04
1.523393439128994942e-04
2.880866304622031748e-05
2.207373472629114985e-04
1.867943501565605402e-04
1.887186517706140876e-04
5.644877091981470585e-05
5.841810343554243445e-05
1.056001929100602865e-05
1.165318371931789443e-05
4.511385486694052815e-05
1.581990072736516595e-04
1.519442303106188774e-04
2.296468737768009305e-04
6.463810132117941976e-05
7.361234020208939910e-05
9.959057933883741498e-05
3.950858808821067214e-05
5.227164820098550990e-06
1.489969872636720538e-05
1.516719839855795726e-05
3.923230542568489909e-05
1.054629865393508226e-05
3.963366179959848523e-05
5.002550824428908527e-05
4.584696580423042178e-05
6.460085842263652012e-06
3.826482861768454313e-05
5.749984484282322228e-05
3.495787677820771933e-05
1.953832543222233653e-05
5.418062937678769231e-05
8.429767149209510535e-06
2.784366733976639807e-05
7.170078333729179576e-06
5.738261825172230601e-05
1.017939757730346173e-05
1.439026964362710714e-04
2.536858664825558662e-05
3.154344085487537086e-05
2.873327866836916655e-05
2.057229576166719198e-04
2.626353307277895510e-05
3.101103357039391994e-05
3.151766941300593317e-05
3.132729034405201674e-05
5.710859841201454401e-05
3.077176734223030508e-05
4.143334808759391308e-05
4.935161268804222345e-05
1.904161035781726241e-05
1.417079329257830977e-05
1.958890061359852552e-05
3.238095086999237537e-05
1.260673889191821218e-05
4.428146712598390877e-05
4.122964310226961970e-05
5.854079790879040956e-05
6.753380148438736796e-05
1.444963127141818404e-04
4.059251295984722674e-05
6.913521065143868327e-05
5.864269405719824135e-05
2.690159635676536709e-05
2.134191454388201237e-04
4.603047273121774197e-05
3.883426325046457350e-05
5.440701352199539542e-05
5.114505984238348901e-05
2.753532862698193640e-05
2.308162584085948765e-05
5.965743184788152575e-06
2.836265593941789120e-05
2.549581586208660156e-05
2.186432539019733667e-05
1.990889722947031260e-05
3.747210212168283761e-05
5.828450866829371080e-06
4.011274086224148050e-06
4.413197893882170320e-05
6.229331484064459801e-05
6.528536323457956314e-05
2.698785647226031870e-05
1.073278781404951587e-05
4.696717951446771622e-05
3.705367635120637715e-05
4.711244400823488832e-05
1.721825174172408879e-05
2.367410706938244402e-05
5.877371222595684230e-05
6.543366907862946391e-05
2.318323276995215565e-05
1.121558216254925355e-05
6.194068555487319827e-05
3.861655204673297703e-05
2.871134347515180707e-05
1.774830161593854427e-05
9.772507837624289095e-06
1.514058658358408138e-05
3.688660217449069023e-05
1.084203722712118179e-05
2.253007405670359731e-04
1.662742579355835915e-05
4.597070801537483931e-05
5.827128188684582710e-05
5.288724059937521815e-05
3.136322993668727577e-05
1.210328719025710598e-05
2.820050394802819937e-05
1.176721798401558772e-05
6.993025453994050622e-05
1.405574948876164854e-05
4.951516893925145268e-05
4.415507282828912139e-05
5.672099723597057164e-05
2.687706182769034058e-05
4.656807141145691276e-05
2.164440375054255128e-04
4.799257658305577934e-05
3.835236930171959102e-05
2.131563633156474680e-05
3.801812272286042571e-05
3.090186510235071182e-05
1.937220986292231828e-05
1.728115057630930096e-05
9.460340152145363390e-06
1.738989340083207935e-05
3.500147431623190641e-05
3.321391341160051525e-05
2.635363853187300265e-05
2.749594023043755442e-05
1.329939113929867744e-04
1.226778385898796842e-05
9.192563084070570767e-06
4.416962838149629533e-05
1.288443854718934745e-05
1.531169982627034187e-05
1.172590145870344713e-05
1.539838740427512676e-05
2.798247078317217529e-05
2.817497806972824037e-05
2.153392415493726730e-05
2.258765744045376778e-05
4.787708530784584582e-05
4.219287802698090672e-05
6.723725527990609407e-05
1.159011571871815249e-05
1.809594687074422836e-05
2.876841608667746186e-05
1.963762224477250129e-05
1.442691518604988232e-05
3.941292015952058136e-05
1.089432316803140566e-05
5.768532355432398617e-05
2.922471685451455414e-05
2.856163700926117599e-05
2.970374407595954835e-05
1.509455705672735348e-05
3.852078953059390187e-05
4.047242691740393639e-05
2.435541318845935166e-05
2.577930172265041620e-05
5.034292917116545141e-05
1.426230301149189472e-05
2.508094803488347679e-05
2.761106406978797168e-05
2.584694084362126887e-05
1.905640783661510795e-05
5.706264346372336149e-05
3.937396832043305039e-05
3.997920066467486322e-05
9.878337550617288798e-06
3.663370807771570981e-05
2.182905700465198606e-05
3.161284985253587365e-05
1.663877992541529238e-05
2.707807288970798254e-05
2.596043486846610904e-05
3.193944939994253218e-05
2.554920865804888308e-05
1.700048051134217530e-05
2.178696158807724714e-04
8.978162441053427756e-06
8.041948603931814432e-05
4.476576941669918597e-05
2.792351369862444699e-05
1.704565875115804374e-05
3.895899499184451997e-05
2.274845428473781794e-05
2.551245415816083550e-05
9.495496669842395931e-06
2.239648529211990535e-05
1.210203754453686997e-05
1.297899052588036284e-05
1.980461456696502864e-05
2.119755299645476043e-05
1.920794311445206404e-04
1.291859662160277367e-04
1.173349373857490718e-04
3.243207931518554688e-03
3.288224106654524803e-04
1.556353818159550428e-04
2.353753552597481757e-05
1.202557104988954961e-04
1.757672907842788845e-05
1.919081660162191838e-05
3.453644967521540821e-05
3.284983176854439080e-05
3.047624159080442041e-05
6.170484266476705670e-05
4.516659828368574381e-05
1.469450216973200440e-04
7.400454342132434249e-05
1.341296301688998938e-04
3.960243338951840997e-05
8.700855687493458390e-05
7.644835568498820066e-05
4.622236519935540855e-05
4.075866854691412300e-06
3.699126682477071881e-05
4.847789750783704221e-05
2.864125417545437813e-04
8.742247700865846127e-06
8.513863576808944345e-05
8.149232598952949047e-05
1.823501042963471264e-05
1.583769699209369719e-05
1.043033898895373568e-05
6.326599395833909512e-05
4.051360519952140749e-05
2.821231646521482617e-05
1.061539296642877162e-05
1.042341955326264724e-05
4.547697608359158039e-05
4.292869562050327659e-05
5.009931555832736194e-05
4.918856575386598706e-05
2.477719590388005599e-06
3.744347486644983292e-05
8.607751624367665499e-06
4.277672269381582737e-05
3.471860691206529737e-05
6.329775205813348293e-04
4.133598122280091047e-05
6.862378359073773026e-05
7.196447404567152262e-05
3.929416197934187949e-05
1.247517411684384570e-05
3.371501952642574906e-05
4.511092993197962642e-05
3.937493966077454388e-05
3.994139115093275905e-05
4.798237932845950127e-05
1.361727663606870919e-05
2.426833671052008867e-04
2.410831257293466479e-05
5.419147055363282561e-05
5.719239561585709453e-05
4.671884380513802171e-05
1.152367622125893831e-05
2.824790426529943943e-04
1.602047414053231478e-04
2.571490222180727869e-05
3.206218752893619239e-05
1.401118333888007328e-05
9.450795914744958282e-06
3.486371497274376452e-05
2.836201747413724661e-05
4.366545181255787611e-05
3.692015161504969001e-05
8.050621545407921076e-05
8.389383583562448621e-05
6.310581375146284699e-05
5.683691415470093489e-05
1.858390714915003628e-05
1.704607529973145574e-05
1.843926293076947331e-04
1.445651378162438050e-05
6.111320544732734561e-05
5.656657231156714261e-05
4.859447653871029615e-05
2.995067188749089837e-05
4.734582034870982170e-05
2.587866583780851215e-05
3.695688064908608794e-05
3.873945752275176346e-05
2.622034480737056583e-05
3.464317705947905779e-05
6.358963582897558808e-05
7.193660712800920010e-05
2.947119719465263188e-05
4.626551526598632336e-05
2.030020914389751852e-05
3.204343738616444170e-05
5.205623165238648653e-05
4.269636337994597852e-05
2.939932528533972800e-05
6.799283710279269144e-06
3.377366010681726038e-05
1.481086383137153462e-05
2.809054421959444880e-05
2.350411523366346955e-05
4.207690290058963001e-05
2.670239882718306035e-05
3.916776404366828501e-05
7.750741133349947631e-06
1.492938172305002809e-04
2.362481973250396550e-05
5.774511737399734557e-05
1.336566219833912328e-05
8.663297194289043546e-06
3.139882755931466818e-05
1.133373098127776757e-05
4.314025500207208097e-05
2.145376311091240495e-05
1.467384208808653057e-05
1.525861171103315428e-05
1.554148911964148283e-05
2.632925679790787399e-05
2.921926534327212721e-05
3.624116652645170689e-05
5.960342241451144218e-05
5.126432006363756955e-05
2.147300438082311302e-05
2.768337981251534075e-05
9.688884165370836854e-05
7.337372517213225365e-05
7.032712164800614119e-05
7.883776561357080936e-05
5.822330058435909450e-05
3.963552808272652328e-05
1.583066186867654324e-04
3.625372482929378748e-05
7.109462785592768341e-06
3.376065069460310042e-05
4.795929271494969726e-05
1.170582072518300265e-05
1.936254921020008624e-05
3.009435931744519621e-05
1.134256763180019334e-05
5.223928383202292025e-05
6.143723567220149562e-06
1.219581190525786951e-05
2.681918704183772206e-05
1.786297616490628570e-05
2.880636930058244616e-05
3.782010026043280959e-05
4.748908759211190045e-05
3.924047268810681999e-05
2.835431769199203700e-05
1.227859956998145208e-05
3.686364289023913443e-05
1.871367749117780477e-05
3.437503983150236309e-05
1.406674073223257437e-05
3.343601929373107851e-05
1.926102959259878844e-05
2.602801941975485533e-05
4.288845229893922806e-05
3.602939614211209118e-05
3.566178929759189487e-05
4.149222877458669245e-05
4.181042459094896913e-05
3.899617877323180437e-05
4.935214019496925175e-05
4.596347935148514807e-05
4.688841363531537354e-05
2.752774526015855372e-05
3.351856139488518238e-05
4.169161911704577506e-05
2.780323666229378432e-05
5.322425568010658026e-05
5.889462045161053538e-06
7.250306953210383654e-05
7.617064984515309334e-04
4.925652756355702877e-04
1.114513652282766998e-04
2.886126458179205656e-05
4.535841799224726856e-05
3.542096601449884474e-05
2.702455094549804926e-05
5.733847137889824808e-05
4.486773832468315959e-05
5.943291762378066778e-05
4.333433389547280967e-05
4.393703056848607957e-05
1.934000611072406173e-04
1.403037276759278029e-05
5.914918801863677800e-05
4.079359860043041408e-05
3.116062362096272409e-05
1.961437737918458879e-05
4.274016100680455565e-05
4.536671258392743766e-05
4.254509985912591219e-05
3.126372030237689614e-05
3.133775317110121250e-05
3.267525244154967368e-05
1.847342900873627514e-05
1.242685084434924647e-05
2.482336640241555870e-05
9.574944670021068305e-06
6.476744147221324965e-06
3.447838025749661028e-05
1.653577637625858188e-04
1.766868626873474568e-05
3.244314939365722239e-05
4.557400825433433056e-05
2.008325463975779712e-05
3.689774894155561924e-05
8.714358955330681056e-06
5.054775101598352194e-05
2.010600437643006444e-04
4.377530422061681747e-05
6.621831562370061874e-05
8.028709999052807689e-06
3.114885112154297531e-05
2.917342135333456099e-05
5.760834028478711843e-06
4.919347702525556087e-05
6.188489351188763976e-05
2.542233596614096314e-05
3.022920282091945410e-05
1.904281998577062041e-05
2.867729199351742864e-05
5.505113949766382575e-05
3.195409226464107633e-05
1.826295374485198408e-05
2.768548256426583976e-05
5.212469113757833838e-05
4.829061072086915374e-05
3.271117384429089725e-05
4.185334910289384425e-05
5.481788684846833348e-05
1.103453814721433446e-05
3.121909321635030210e-05
1.211834205605555326e-05
4.061966319568455219e-05
3.130247205263003707e-05
7.243333675432950258e-05
1.408859861840028316e-05
6.361940177157521248e-05
4.525350232142955065e-05
3.136432133032940328e-05
7.271499634953215718e-05
1.589878083905205131e-04
1.669749908614903688e-04
2.965968815260566771e-05
2.248187956865876913e-05
3.079005182371474802e-05
1.075720210792496800e-04
2.351642979192547500e-05
4.085711407242342830e-05
2.611360469018109143e-05
5.780847277492284775e-05
2.982861769851297140e-05
1.498589881521183997e-05
2.783694799290969968e-05
2.520940142858307809e-05
3.413466038182377815e-05
3.877503331750631332e-05
8.446751053270418197e-06
7.003804967098403722e-06
1.681818321230821311e-05
1.494828575232531875e-05
2.588724782981444150e-05
3.015166294062510133e-05
2.301171480212360620e-05
3.404347444302402437e-05
5.286913437885232270e-05
4.160666867392137647e-05
3.347852543811313808e-05
3.356907109264284372e-05
2.823435897880699486e-05
1.645076372369658202e-05
3.957921217079274356e-05
3.225088221370242536e-05
4.616424848791211843e-05
4.696890755440108478e-05
4.509082282311283052e-05
5.566834443015977740e-05
2.474408211128320545e-05
4.923198866890743375e-05
4.161702963756397367e-05
3.700717206811532378e-05
3.629280035966075957e-05
2.283482535858638585e-05
4.058326157974079251e-05
6.339208630379289389e-05
4.462432116270065308e-05
1.695101673249155283e-05
4.350487142801284790e-05
2.663523810042534024e-05
7.333517260121880099e-06
1.060150680132210255e-05
2.179677539970725775e-05
4.561405512504279613e-05
2.432903602311853319e-05
4.104282925254665315e-05
1.271726250706706196e-05
7.246753739309497178e-06
9.935445632436312735e-06
5.751573917223140597e-05
1.190164675790583715e-05
4.825589712709188461e-06
2.781520925054792315e-05
4.217366949887946248e-05
2.393678551015909761e-05
3.892839595209807158e-05
1.861898454080801457e-05
2.805829353746958077e-05
2.021935870288871229e-05
4.899799387203529477e-05
2.814422477968037128e-04
3.276937422924675047e-05
3.353412830620072782e-05
1.853781031968537718e-05
2.755822788458317518e-05
1.879086630651727319e-05
3.240894511691294611e-05
2.396069794485811144e-05
2.595424120954703540e-05
1.897625588753726333e-05
1.831432928156573325e-05
8.233861990447621793e-06
3.661892696982249618e-05
4.825900032301433384e-05
4.708055348601192236e-05
4.617880404111929238e-05
4.621517655323259532e-05
6.495385605376213789e-05
1.039039761963067576e-05
2.736218084464780986e-05
3.389266930753365159e-05
3.611589636420831084e-05
1.216200234921416268e-05
1.268269807042088360e-05
3.917589492630213499e-05
2.221431168436538428e-05
4.834028004552237689e-05
6.627267430303618312e-05
3.357349851285107434e-05
9.799459803616628051e-06
3.858506715914700180e-06
1.459143913962179795e-05
4.309540963731706142e-05
2.445932295813690871e-05
4.310199801693670452e-05
3.074526466662064195e-05
1.164518744189990684e-05
3.175010351696982980e-05
4.091877144674072042e-06
3.788057802012190223e-05
5.453516132547520101e-05
5.539617995964363217e-05
5.791872899862937629e-05
2.430859785818029195e-05
7.553934119641780853e-05
2.673514609341509640e-05
2.017561018874403089e-05
2.813949322444386780e-05
1.742959648254327476e-05
8.579756467952392995e-06
7.044282938295509666e-06
1.862564749899320304e-05
1.936277840286493301e-05
2.219228008470963687e-05
2.806817974487785250e-05
3.907706195604987442e-05
2.959154335258062929e-05
2.630903509270865470e-05
2.605043664516415447e-05
2.499405491107609123e-05
7.915206879260949790e-06
2.177994065277744085e-05
2.175052941311150789e-05
1.683907248661853373e-05
2.361300903430674225e-05
1.256819814443588257e-05
1.451734715374186635e-05
3.511227987473830581e-05
6.449883221648633480e-05
4.217584137222729623e-05
3.948545418097637594e-05
2.526458592910785228e-05
3.113919228781014681e-05
3.465390182100236416e-05
1.844155667640734464e-05
3.393924998817965388e-05
2.335827593924477696e-05
5.334089291864074767e-05
2.346200562897138298e-05
9.610093002265784889e-06
1.847637395258061588e-05
5.978409899398684502e-05
4.580610766424797475e-05
8.118188270600512624e-05
4.064395398017950356e-05
2.253386446682270616e-05
2.090310954372398555e-05
2.102101825585123152e-05
1.979000080609694123e-05
4.135927156312391162e-05
4.274674574844539165e-05
1.443120163457933813e-05
6.355244840960949659e-05
6.196549293235875666e-06
3.641405055532231927e-05
1.847556632128544152e-05
2.906345071096438915e-05
3.922963878721930087e-05
2.371898881392553449e-05
2.070351547445170581e-05
5.706490264856256545e-05
1.332403480773791671e-04
4.248974437359720469e-05
1.586361577210482210e-05
1.267324478249065578e-05
4.089534195372834802e-05
5.758131374022923410e-05
5.741082350141368806e-05
4.028498369734734297e-05
2.153479545086156577e-05
2.378731187491212040e-05
1.654002517170738429e-05
1.684256130829453468e-05
4.135743802180513740e-05
4.286718103685416281e-05
2.848997246474027634e-05
3.683472823468036950e-05
3.937768997275270522e-05
4.562027970678173006e-05
6.359389226417988539e-05
3.907717473339289427e-05
5.493705612025223672e-05
5.660594615619629622e-05
7.205941074062138796e-05
5.272625639918260276e-05
3.064344127778895199e-05
2.619780752866063267e-05
1.602086922503076494e-05
2.132479676220100373e-05
3.094809653703123331e-05
1.112819183617830276e-03
1.152878394350409508e-05
3.373581421328708529e-05
2.213041807408444583e-05
3.707509313244372606e-05
3.057069625356234610e-05
1.232615904882550240e-04
1.158101804321631789e-05
1.152062304754508659e-05
2.476149347785394639e-05
3.943491901736706495e-05
9.196341852657496929e-05
4.194780558464117348e-05
1.811406218621414155e-05
4.921022627968341112e-05
2.544119161029811949e-05
1.086946394934784621e-05
7.065958925522863865e-05
4.640267798095010221e-05
3.762987034860998392e-05
2.413233232800848782e-05
2.955413219751790166e-05
8.278726454591378570e-06
4.426480245456332341e-06
4.477725087781436741e-05
3.259208097006194293e-05
3.088564699282869697e-05
4.409971006680279970e-05
3.654668398667126894e-05
2.391780435573309660e-05
3.399252091185189784e-05
2.901246443798299879e-05
6.142347410786896944e-05
1.752698299242183566e-04
2.536548709031194448e-04
1.919286878546699882e-04
2.969000488519668579e-04
7.577706128358840942e-05
6.188954284880310297e-05
7.745745824649930000e-05
6.113280687713995576e-05
5.845892883371561766e-05
6.699944788124412298e-05
6.000035500619560480e-05
7.453932630596682429e-05
7.210078911157324910e-05
5.771539872512221336e-05
6.003674207022413611e-05
6.163537182146683335e-05
5.992158912704326212e-05
9.898898133542388678e-05
9.957247675629332662e-05
8.949408220360055566e-05
6.402617873391136527e-05
5.931770283496007323e-05
7.594405178679153323e-05
5.113195584272034466e-05
7.775051926728338003e-05
2.242628761450760067e-05
4.123777398490346968e-05
4.150284075876697898e-05
4.961188096785917878e-05
1.639633410377427936e-04
2.956146636279299855e-05
2.975848474306985736e-05
3.817497417912818491e-05
4.146228457102552056e-05
5.680558751919306815e-05
2.480353214195929468e-05
8.862415415933355689e-05
3.362533971085213125e-05
5.688336750608868897e-05
3.345989171066321433e-05
1.500104190199635923e-05
2.154505818907637149e-05
2.887249866034835577e-05
4.128986984142102301e-05
4.821633774554356933e-05
4.026970418635755777e-05
3.967255179304629564e-05
2.493872307240962982e-05
3.067111902055330575e-05
4.465103484108112752e-05
1.610507933946792036e-05
5.644743578159250319e-05
3.572541027097031474e-05
2.372461131017189473e-05
4.247925971867516637e-05
4.048971459269523621e-05
1.811289985198527575e-05
6.437869888031855226e-05
6.335106445476412773e-05
1.490753584221238270e-05
4.275890023563988507e-05
1.743623579386621714e-05
1.291872649744618684e-05
1.559586780786048621e-05
2.092891008942387998e-05
3.142390414723195136e-05
1.666236312303226441e-05
3.819118865067139268e-05
2.653606497915461659e-05
2.512623177608475089e-05
2.944642801594454795e-05
1.448345392418559641e-05
4.923440428683534265e-05
1.370456175209255889e-05
3.990638288087211549e-05
1.554157643113285303e-05
3.171681964886374772e-05
2.594643046904820949e-05
3.667385317385196686e-05
2.210645652667153627e-05
2.320464409422129393e-05
2.143928031728137285e-05
3.714423291967250407e-05
3.105764699284918606e-05
3.112751801381818950e-05
5.784163658972829580e-05
2.032554948527831584e-05
4.479268318391405046e-05
2.097746619256213307e-05
8.634530240669846535e-05
4.560757588478736579e-05
4.671376882470212877e-05
4.307477502152323723e-05
2.759332892310339957e-05
2.844927439582534134e-05
2.189385668316390365e-05
2.721141026995610446e-05
2.743554250628221780e-05
6.456489063566550612e-05
6.091051909606903791e-05
2.303308065165765584e-05
1.318064641964156181e-05
2.038862658082507551e-05
2.156227128580212593e-05
2.078786019410472363e-05
2.080573540297336876e-05
2.901496918639168143e-05
2.747095459199044853e-05
1.238785716850543395e-05
2.511712045816238970e-05
1.956044434336945415e-05
6.256746564758941531e-05
2.565042268543038517e-05
4.195905785309150815e-05
2.086210224661044776e-05
1.035619334288639948e-05
1.352693652734160423e-05
2.785809192573651671e-05
5.385633994592353702e-05
7.041632488835602999e-05
4.366294888313859701e-05
6.009313074173405766e-05
7.250916678458452225e-05
4.786927456734701991e-05
4.047948459628969431e-05
3.332652340759523213e-05
7.366119825746864080e-05
1.176516798295779154e-05
9.466997653362341225e-06
4.768531289300881326e-05
4.282162626623176038e-05
2.554165439505595714e-05
6.850156933069229126e-05
3.569902037270367146e-05
5.731091368943452835e-05
3.486430068733170629e-05
4.372866897028870881e-05
5.679180048900889233e-06
2.393360045971348882e-05
3.840098725049756467e-05
3.827530963462777436e-05
6.623504305025562644e-05
1.314723704126663506e-05
6.650274372077547014e-06
4.003067078883759677e-05
2.905443579948041588e-05
4.912314761895686388e-05
3.216593904653564095e-05
1.284712016058620065e-05
2.575451253505889326e-05
2.537317595852073282e-05
2.842806316039059311e-05
1.584706114954315126e-05
3.802856736001558602e-05
1.276357397728133947e-05
3.340841067256405950e-05
2.437763032503426075e-05
2.917562778748106211e-05
1.422866534994682297e-05
3.032762833754532039e-05
4.023931614938192070e-05
4.895695747109130025e-05
1.345268356089945883e-05
1.073715702659683302e-05
2.520087764423806220e-05
4.494881432037800550e-05
2.465210309310350567e-05
7.555654519819654524e-06
1.527530730527359992e-05
1.194393553305417299e-05
1.172138399851974100e-05
2.893442251661326736e-05
3.616945105022750795e-05
3.944454510929062963e-05
3.944353375118225813e-05
1.478741705795982853e-05
1.001895907393191010e-05
1.896111098176334053e-05
1.895062814583070576e-05
2.408293585176579654e-05
2.626267087180167437e-05
8.197764691431075335e-05
6.552995728270616382e-06
4.280325083527714014e-05
5.546880493056960404e-05
3.116780135314911604e-05
6.720454257447272539e-05
4.475166861084289849e-05
6.482114986283704638e-05
5.173769750399515033e-05
1.851082743087317795e-05
3.934517735615372658e-05
2.408354521321598440e-05
2.607622991490643471e-05
3.713046316988766193e-05
3.881514567183330655e-05
8.268671081168577075e-05
3.477133213891647756e-05
4.344895933172665536e-05
6.620818021474406123e-05
1.535587653052061796e-04
7.112910680007189512e-05
1.726430673443246633e-05
4.874408841715194285e-05
8.824715223454404622e-06
2.113135451509151608e-05
6.082621621317230165e-05
1.394250193698098883e-05
8.424194675171747804e-06
9.222663720720447600e-06
3.143580397590994835e-05
4.749768777401186526e-05
1.945297663041856140e-05
1.487427198298973963e-05
3.449431460467167199e-05
2.829629374900832772e-05
6.366544403135776520e-05
4.506788900471292436e-05
5.075510853203013539e-05
4.029554474982433021e-05
3.128225216642022133e-05
3.158322942908853292e-05
6.499558367067947984e-05
1.548577347421087325e-05
4.196858571958728135e-05
2.907860834966413677e-05
8.624988367955666035e-06
1.669730954745318741e-05
1.640647860767785460e-05
1.695733226370066404e-05
4.186093792668543756e-05
2.175930239900480956e-05
4.695997267845086753e-05
2.601059350126888603e-05
4.051532596349716187e-05
4.281774090486578643e-05
2.405813393124844879e-05
4.132575486437417567e-05
3.217867561033926904e-05
3.802770152105949819e-05
1.322366551903542131e-05
3.965057112509384751e-05
9.002790648082736880e-06
1.654982588661368936e-05
4.319800529628992081e-03
4.240787166054360569e-05
3.718366497196257114e-05
2.133740345016121864e-04
2.269920150865800679e-05
4.439985332282958552e-06
5.815415715915150940e-05
5.217832949711009860e-05
2.888140988943632692e-05
2.838608997990377247e-05
2.184410004701931030e-05
2.218200461356900632e-05
4.134536357014440000e-05
3.316520815133117139e-05
1.481760409660637379e-05
3.197171827196143568e-05
3.012452361872419715e-05
4.056246689287945628e-05
5.063428761786781251e-05
3.016732807736843824e-05
5.092752689961344004e-05
4.370533861219882965e-05
6.842426955699920654e-05
5.562421938520856202e-05
6.437949923565611243e-05
4.000170883955433965e-05
5.991278158035129309e-05
2.692132511583622545e-05
1.982774847419932485e-05
2.787923403957393020e-05
8.596448424214031547e-06
4.260911009623669088e-05
1.694069942459464073e-05
5.309693278832128271e-06
1.137178878707345575e-05
1.083424407988786697e-02
4.983623875887133181e-05
3.891172673320397735e-05
3.494032716844230890e-05
1.216260443470673636e-05
8.791046639089472592e-06
5.371031875256448984e-05
6.206928810570389032e-05
2.979538658109959215e-05
3.290921449661254883e-05
4.507803168962709606e-05
1.818070086301304400e-05
4.836939842789433897e-05
2.620141822262667120e-05
5.018670344725251198e-05
1.676708234299439937e-05
5.192926255404017866e-05
3.165896487189456820e-05
3.545688014128245413e-05
1.859534495451953262e-05
4.667805114877410233e-05
2.689648499654140323e-05
8.700667422090191394e-06
4.358272053650580347e-05
8.519597031408920884e-06
3.006282349815592170e-05
2.949235022242646664e-05
3.838852353510446846e-05
2.429336927889380604e-05
5.028247323934920132e-05
1.922807277878746390e-04
2.743589720921590924e-05
3.454511752352118492e-04
1.934584361151792109e-05
7.910992280812934041e-06
1.946155243786051869e-04
5.174470516067231074e-06
5.220875391387380660e-05
1.119584248954197392e-05
1.361045724479481578e-04
1.948816789081320167e-04
1.110549047589302063e-01
1.160759329795837402e-01
1.843012432800605893e-05
3.274197515565901995e-04
9.908174979500472546e-05
1.861904092947952449e-05
1.688039083092007786e-05
2.197199064539745450e-04
1.555413655296433717e-05
2.056154771707952023e-04
9.232307093043345958e-06
4.730081127490848303e-05
8.516385219991207123e-03
8.698564488440752029e-05
4.570790042635053396e-04
8.930722833611071110e-04
4.948419882566668093e-05
5.506542976945638657e-03
1.926124787132721394e-05
1.874337976914830506e-05
9.670816325524356216e-06
4.248357436154037714e-05
6.767534796381369233e-05
6.091216619097394869e-06
1.706220355117693543e-04
7.051676220726221800e-05
1.598816197656560689e-05
4.321441228967159986e-04
1.167667596746468917e-05
7.848226232454180717e-06
2.115126699209213257e-04
2.011835204029921442e-05
1.264182355953380466e-05
6.775248766643926501e-05
1.041210543917259201e-05
1.419690579496091232e-05
2.213392435805872083e-04
1.303483895753743127e-05
1.021660409605829045e-05
6.752624904038384557e-05
2.072049937851261348e-05
1.256362520507536829e-05
2.648628287715837359e-05
1.204110139951808378e-05
2.053718162642326206e-05
1.037763558997539803e-05
5.660010356223210692e-05
1.679741944826673716e-05
2.982714431709609926e-05
2.052043055300600827e-05
1.128877920564264059e-05
1.690975332166999578e-04
2.062357089016586542e-04
1.650160993449389935e-05
5.958281690254807472e-06
8.483746569254435599e-06
1.819916542444843799e-05
6.960151949897408485e-05
1.657798275118693709e-04
2.636456338223069906e-04
5.614834662992507219e-05
1.946772317751310766e-05
2.898238199122715741e-05
8.907081792131066322e-06
9.201712236972525716e-05
7.344192999880760908e-05
3.422961526666767895e-05
1.750754745444282889e-05
1.314855762757360935e-04
9.302741091232746840e-06
1.159914791060145944e-05
1.407622494298266247e-05
4.485158569877967238e-05
8.208662620745599270e-06
3.203653614036738873e-05
5.228689406067132950e-05
3.778819882427342236e-05
6.280678462644573301e-06
9.796122867555823177e-06
4.267851181793957949e-06
1.053070172929437831e-05
7.561696747870882973e-06
1.005092963168863207e-05
5.116727606946369633e-06
1.987592258956283331e-05
2.507767567294649780e-05
5.749451520387083292e-05
9.197684448736254126e-06
1.787338442227337509e-05
1.983024849323555827e-04
7.026029925327748060e-05
3.545683284755796194e-05
1.392106059938669205e-05
6.978470628382638097e-05
1.324783715972444043e-05
1.850401531555689871e-05
3.299622403574176133e-05
4.351371171651408076e-05
2.359902828175108880e-05
3.115533763775601983e-05
1.285280904994579032e-05
2.223853152827359736e-05
1.529509172542020679e-04
9.821219464356545359e-06
3.561455014278180897e-05
7.845346408430486917e-05
2.315566234756261110e-04
2.917580786743201315e-05
1.645285228732973337e-04
1.176210844278102741e-05
1.167073351098224521e-04
4.764367477037012577e-04
3.008619751199148595e-05
1.396045081492047757e-05
1.808215019991621375e-04
1.911541476147249341e-04
1.112987592932768166e-05
1.492820865678368136e-05
1.140385757025796920e-05
2.089406916638836265e-05
1.219660589413251728e-05
3.240319347241893411e-05
1.090111436496954411e-05
6.663866952294483781e-05
2.068149042315781116e-04
5.071348277851939201e-05
4.563143738778308034e-05
3.278205258538946509e-05
3.371400089235976338e-05
1.349795002170139924e-05
5.374213651521131396e-05
4.266975520295090973e-05
5.830039663123898208e-05
1.026442896545631811e-05
3.065263081225566566e-05
9.134368156082928181e-06
1.416903069184627384e-05
8.327750947501044720e-06
3.459455547272227705e-05
3.192524673067964613e-05
3.481098974589258432e-05
2.999769276357255876e-05
1.585923018865287304e-05
7.986491254996508360e-06
1.227171105711022392e-05
6.392451268766308203e-06
1.224963034474058077e-05
3.449502401053905487e-05
1.027336227707564831e-03
1.629057624086271971e-05
2.819449400703888386e-05
5.541667633224278688e-06
3.336130976094864309e-05
1.632399653317406774e-05
2.206704812124371529e-05
1.128716576204169542e-05
8.517086826032027602e-06
1.222495211550267413e-05
5.151245204615406692e-05
6.575393490493297577e-05
8.457138392259366810e-06
3.841306534013710916e-05
7.399459263979224488e-06
1.898186019388958812e-05
2.703347126953303814e-05
6.239351205294951797e-05
1.876155147328972816e-05
3.276553252362646163e-05
2.558591950219124556e-05
3.343577554915100336e-05
2.704426333366427571e-05
3.036476118722930551e-05
2.289818803546950221e-05
6.281513196881860495e-05
5.870614404557272792e-05
3.316875881864689291e-05
5.999114728183485568e-05
2.793897510855458677e-05
9.154719919024500996e-06
2.823533723130822182e-04
2.516152744647115469e-05
2.913566640927456319e-05
1.874323970696423203e-05
3.551484041963703930e-05
1.480703849665587768e-05
1.519822126283543184e-05
1.120823708333773538e-05
3.298656156403012574e-05
2.434740235912613571e-05
2.354527168790809810e-05
2.241439688077662140e-05
2.049084105237852782e-05
5.451991455629467964e-06
3.198331978637725115e-05
1.947594319062773138e-05
2.555239916546270251e-05
8.824059477774426341e-06
1.815787800296675414e-05
6.363661668729037046e-05
1.288560306420549750e-04
1.438749222870683298e-05
9.601984856999479234e-06
1.114460610551759601e-05
2.954491355922073126e-05
1.877886643342208117e-05
3.208635462215170264e-05
5.927421079832129180e-05
6.538906745845451951e-05
6.614985977648757398e-06
7.351452950388193130e-06
1.039125800161855295e-05
1.022969900077441707e-05
8.217738468374591321e-06
2.582426714070606977e-05
2.798475725285243243e-05
3.074962660321034491e-05
1.585620339028537273e-05
3.785698936553671956e-05
3.033838947885669768e-05
2.889636380132287741e-05
2.987376137753017247e-05
9.863165360002312809e-06
2.272204255859833211e-05
3.369043042766861618e-05
3.624344390118494630e-05
2.073445284622721374e-05
1.569084815855603665e-05
1.871573294920381159e-05
6.899717845954000950e-05
1.753742981236428022e-05
5.849123044754378498e-05
3.066075805691070855e-05
3.023998760909307748e-05
2.256810148537624627e-05
5.783959295513341203e-06
5.083291398477740586e-05
1.520011392130982131e-05
2.280038825119845569e-05
3.602814467740245163e-05
2.033752571151126176e-05
1.116886232921388000e-05
2.822478745656553656e-05
4.151620305492542684e-05
2.872922414098866284e-05
3.997709063696675003e-05
1.274477690458297729e-04
3.013067907886579633e-05
1.647088902245741338e-05
5.643914391839643940e-06
1.599464303581044078e-05
2.872640034183859825e-04
1.405580842401832342e-04
1.587919723533559591e-05
1.659201370785012841e-05
1.648236320761498064e-05
7.302763151528779417e-06
2.196665991505142301e-05
5.987353506498038769e-05
4.926746987621299922e-05
1.655541927902959287e-05
3.308322629891335964e-05
2.994582791870925575e-05
2.227216100436635315e-05
4.110843656235374510e-05
2.671599031600635499e-05
2.942640458059031516e-05
2.371672053413931280e-05
3.483382170088589191e-05
1.078253899322589859e-05
8.042198714974801987e-06
4.927552254230249673e-06
2.388230859651230276e-05
3.158943582093343139e-05
2.921923623944167048e-05
5.959666668786667287e-05
3.660888614831492305e-05
6.231998122530058026e-05
7.868053216952830553e-06
9.490326920058578253e-05
3.773483695113100111e-05
6.491278327303007245e-06
6.114513234933838248e-05
4.905934838461689651e-05
2.027305708907078952e-05
2.635647797433193773e-05
2.196065725001972169e-05
4.416247975314036012e-05
3.847505649900995195e-05
7.782921784382779151e-06
1.725182846712414175e-05
1.804940438887570053e-05
2.951486203528475016e-05
5.362946012610336766e-06
3.113118509645573795e-05
7.029675907688215375e-05
3.742060653166845441e-05
3.271194873377680779e-05
2.078892612189520150e-05
6.478331488324329257e-05
2.789918835333082825e-05
9.257053534383885562e-06
2.067494824586901814e-05
4.245277887093834579e-05
