2.603396133054047823e-04
2.721472119446843863e-04
2.686361549422144890e-04
2.623817126732319593e-04
2.705153310671448708e-04
2.642159815877676010e-04
2.628024667501449585e-04
2.599483705125749111e-04
2.607329224701970816e-04
3.286496212240308523e-04
2.880657848436385393e-04
3.276880306657403708e-04
3.247042186558246613e-04
2.661256294231861830e-04
2.844626433216035366e-04
3.257004136685281992e-04
2.868350420612841845e-04
3.246536361984908581e-04
2.871815522667020559e-04
2.694045542739331722e-04
3.240694932173937559e-04
2.642846084199845791e-04
2.778521156869828701e-04
3.228451823815703392e-04
2.753457811195403337e-04
2.767150872386991978e-04
2.859433880075812340e-04
2.887232694774866104e-04
2.816358464770019054e-04
2.895483339671045542e-04
3.293814370408654213e-04
2.788227866403758526e-04
2.889744355343282223e-04
3.284207487013190985e-04
2.715598675422370434e-04
2.615592093206942081e-04
2.662420738488435745e-04
3.248762513976544142e-04
2.632886462379246950e-04
3.168274415656924248e-04
2.672460104804486036e-04
2.845425624400377274e-04
2.781032526399940252e-04
2.852111647371202707e-04
3.273219335824251175e-04
2.602103922981768847e-04
2.683139755390584469e-04
2.869940071832388639e-04
2.654038835316896439e-04
2.879091189242899418e-04
2.621986204758286476e-04
2.702084020711481571e-04
2.884799032472074032e-04
2.700719633139669895e-04
2.625444903969764709e-04
2.725802769418805838e-04
2.815079642459750175e-04
2.780534559860825539e-04
3.227639244869351387e-04
2.702772326301783323e-04
2.615595003589987755e-04
2.682966296561062336e-04
2.680013712961226702e-04
2.641183091327548027e-04
3.287512517999857664e-04
3.159731568302959204e-04
2.919911930803209543e-04
3.281422541476786137e-04
2.694953582249581814e-04
2.696974552236497402e-04
2.781766816042363644e-04
2.681449695955961943e-04
2.719739277381449938e-04
2.618801372591406107e-04
2.578825806267559528e-04
2.876437501981854439e-04
2.636572753544896841e-04
2.617739373818039894e-04
2.896946098189800978e-04
3.205552638974040747e-04
2.626637287903577089e-04
2.716633316595107317e-04
2.772302832454442978e-04
2.886030997615307570e-04
3.244492982048541307e-04
2.699435281101614237e-04
2.696384908631443977e-04
3.211272414773702621e-04
2.883945999201387167e-04
2.727728278841823339e-04
2.718650212045758963e-04
2.612697135191410780e-04
2.628420479595661163e-04
2.703978389035910368e-04
2.799897920340299606e-04
2.730702108237892389e-04
2.662756887730211020e-04
2.706888772081583738e-04
2.756814647000283003e-04
2.875775389838963747e-04
3.276819770690053701e-04
3.238995268475264311e-04
2.648487570695579052e-04
3.230139554943889380e-04
2.851916651707142591e-04
2.627463545650243759e-04
2.666986547410488129e-04
2.775675675366073847e-04
3.262046375311911106e-04
2.865074784494936466e-04
2.622547326609492302e-04
2.728988765738904476e-04
3.273822658229619265e-04
2.744493249338120222e-04
3.253051254432648420e-04
3.276566276326775551e-04
3.171529970131814480e-04
2.701777557376772165e-04
2.803912502713501453e-04
2.679521276149898767e-04
3.251459856983274221e-04
2.680178440641611814e-04
2.680155448615550995e-04
3.274090704508125782e-04
2.624255430418998003e-04
2.727038227021694183e-04
2.678615564946085215e-04
3.202053485438227654e-04
2.649668895173817873e-04
2.669036330189555883e-04
2.618092694319784641e-04
2.613471006043255329e-04
2.671681868378072977e-04
3.195653262082487345e-04
2.862488618120551109e-04
2.888402959797531366e-04
2.617269929032772779e-04
2.723126381170004606e-04
2.778668131213635206e-04
2.762808580882847309e-04
2.887999580707401037e-04
2.639131562318652868e-04
3.280411183368414640e-04
2.763242810033261776e-04
3.236771153751760721e-04
2.772564184851944447e-04
2.609592338558286428e-04
2.880269021261483431e-04
3.249293658882379532e-04
3.249088767915964127e-04
2.689399698283523321e-04
3.244771505706012249e-04
3.254500334151089191e-04
2.700780751183629036e-04
2.772300213109701872e-04
2.746234822552651167e-04
2.798165369313210249e-04
3.288489242549985647e-04
2.881875552702695131e-04
3.297126677352935076e-04
2.691942208912223577e-04
2.774742606561630964e-04
2.688317908905446529e-04
2.654476265888661146e-04
2.734660229180008173e-04
2.748065744526684284e-04
2.766496909316629171e-04
2.683802740648388863e-04
2.605206391308456659e-04
2.640989550855010748e-04
2.671939728315919638e-04
2.612711105030030012e-04
2.726470993366092443e-04
3.210639406461268663e-04
2.724872610997408628e-04
3.254542534705251455e-04
2.697570598684251308e-04
3.296086506452411413e-04
2.699814212974160910e-04
3.276712959632277489e-04
2.706118102651089430e-04
2.642158360686153173e-04
2.733602304942905903e-04
2.648560330271720886e-04
3.294250345788896084e-04
2.781138173304498196e-04
2.878655213862657547e-04
3.254163311794400215e-04
2.882679691538214684e-04
2.634551201481372118e-04
3.236046468373388052e-04
2.708969113882631063e-04
2.685087674763053656e-04
3.230441361665725708e-04
2.733757137320935726e-04
3.258239303249865770e-04
2.590091899037361145e-04
2.609980874694883823e-04
3.257080970797687769e-04
2.724535006564110518e-04
2.889315364882349968e-04
3.256907220929861069e-04
2.582687884569168091e-04
2.893505152314901352e-04
2.627898356877267361e-04
2.658299636095762253e-04
2.616890706121921539e-04
2.651022223290055990e-04
2.764653472695499659e-04
2.670789835974574089e-04
2.696851151995360851e-04
2.871356555260717869e-04
2.664871863089501858e-04
2.873155463021248579e-04
3.239331708755344152e-04
2.880425308831036091e-04
2.729056868702173233e-04
2.876731159631162882e-04
3.265556879341602325e-04
2.766463439911603928e-04
2.706883533392101526e-04
3.268738219048827887e-04
3.231404407415539026e-04
3.215457254555076361e-04
3.290518943686038256e-04
2.765301614999771118e-04
2.722703793551772833e-04
2.622249012347310781e-04
2.685776853468269110e-04
2.844587434083223343e-04
2.682054764591157436e-04
2.742900687735527754e-04
3.280704841017723083e-04
2.626911445986479521e-04
3.249776200391352177e-04
2.671008987817913294e-04
2.729549305513501167e-04
2.790715952869504690e-04
2.873523626476526260e-04
2.675230498425662518e-04
2.624350017867982388e-04
2.725029771681874990e-04
2.679468016140162945e-04
2.716667368076741695e-04
3.269008593633770943e-04
2.704906219150871038e-04
3.230245201848447323e-04
2.691332192625850439e-04
3.256802156101912260e-04
2.695018483791500330e-04
2.610587107483297586e-04
2.843410475179553032e-04
2.860669337678700686e-04
2.607483183965086937e-04
2.892828488256782293e-04
2.730274572968482971e-04
2.878361556213349104e-04
2.755348104983568192e-04
2.685670042410492897e-04
3.280654491391032934e-04
2.675205178093165159e-04
2.715380396693944931e-04
3.088429803028702736e-04
3.239154175389558077e-04
2.702753990888595581e-04
2.887902082875370979e-04
2.874488418456166983e-04
2.875946229323744774e-04
3.275531926192343235e-04
2.751910651568323374e-04
2.647610381245613098e-04
2.606675843708217144e-04
2.911964547820389271e-04
2.784657699521631002e-04
3.273040347266942263e-04
2.774750173557549715e-04
2.764866803772747517e-04
2.877103397622704506e-04
2.640649618115276098e-04
2.870380412787199020e-04
2.626284840516746044e-04
2.733778092078864574e-04
2.625330234877765179e-04
2.765909594018012285e-04
2.885458525270223618e-04
2.785171964205801487e-04
2.893028431572020054e-04
3.275843628216534853e-04
3.289810265414416790e-04
3.286723804194480181e-04
3.287946456111967564e-04
3.245476109441369772e-04
2.845728013198822737e-04
3.188943956047296524e-04
2.747830585576593876e-04
2.607998903840780258e-04
2.881944237742573023e-04
3.260438970755785704e-04
2.735536545515060425e-04
2.776340988930314779e-04
3.253070753999054432e-04
2.705848601181060076e-04
2.733124711085110903e-04
2.880796091631054878e-04
2.628495858516544104e-04
3.282357065472751856e-04
2.735425659921020269e-04
2.701227203942835331e-04
3.256568161305040121e-04
2.784597163554280996e-04
3.212215378880500793e-04
2.767977130133658648e-04
2.634491538628935814e-04
2.648488443810492754e-04
2.774862805381417274e-04
3.236239426769316196e-04
2.689504472073167562e-04
2.759830967988818884e-04
2.862822730094194412e-04
2.768681151792407036e-04
2.882710250560194254e-04
3.275920462328940630e-04
2.874158963095396757e-04
2.614603436086326838e-04
2.862943510990589857e-04
2.633963595144450665e-04
2.667007211130112410e-04
2.891315962187945843e-04
2.715471200644969940e-04
2.863041008822619915e-04
2.737915492616593838e-04
2.744225494097918272e-04
2.758459886536002159e-04
2.773796441033482552e-04
2.706457744352519512e-04
2.886144793592393398e-04
2.637656580191105604e-04
3.233394236303865910e-04
2.726362436078488827e-04
2.834649349097162485e-04
3.291455504950135946e-04
2.742861106526106596e-04
2.681730547919869423e-04
3.274254559073597193e-04
2.763647062238305807e-04
2.636313729453831911e-04
2.761354262474924326e-04
3.278544172644615173e-04
2.781770308502018452e-04
2.784425159916281700e-04
3.292913606856018305e-04
2.652537950780242682e-04
2.685115323401987553e-04
3.269979788456112146e-04
2.640107995830476284e-04
3.250783775001764297e-04
2.671144902706146240e-04
2.865140850190073252e-04
2.775031607598066330e-04
2.702375932130962610e-04
2.866801514755934477e-04
3.263482358306646347e-04
3.279487427789717913e-04
2.724816731642931700e-04
2.630496164783835411e-04
2.879779785871505737e-04
2.758906921371817589e-04
3.222468658350408077e-04
2.704660000745207071e-04
3.188660484738647938e-04
2.704222279135137796e-04
3.229722788091748953e-04
2.631762763485312462e-04
2.678555320017039776e-04
2.660997561179101467e-04
2.875445934478193521e-04
3.266391286160796881e-04
2.601174928713589907e-04
2.744855300989001989e-04
2.827629796229302883e-04
2.727028040681034327e-04
2.888298768084496260e-04
2.718346950132399797e-04
2.684350183699280024e-04
2.694154682103544474e-04
2.680864126887172461e-04
2.642007311806082726e-04
2.727553073782473803e-04
3.257021307945251465e-04
2.852725447155535221e-04
2.617830759845674038e-04
2.627257199492305517e-04
3.230643051210790873e-04
2.609189541544765234e-04
2.614315599203109741e-04
2.689277171157300472e-04
2.876080689020454884e-04
2.626610512379556894e-04
2.889080788008868694e-04
2.721070777624845505e-04
2.702280471567064524e-04
2.722430508583784103e-04
2.882582775782793760e-04
2.615442499518394470e-04
2.644221240188926458e-04
3.245204570703208447e-04
2.770677383523434401e-04
3.291894972790032625e-04
2.704164944589138031e-04
3.247240383643656969e-04
2.886030124500393867e-04
3.285602142568677664e-04
2.871779724955558777e-04
2.691714034881442785e-04
3.259711083956062794e-04
2.875423524528741837e-04
3.277170180808752775e-04
2.612961689010262489e-04
3.216014592908322811e-04
2.629600930958986282e-04
2.637605939526110888e-04
2.643003535922616720e-04
2.640269231051206589e-04
2.653294068295508623e-04
2.647079236339777708e-04
2.648177032824605703e-04
2.658487646840512753e-04
2.670755784492939711e-04
2.684367645997554064e-04
2.695429138839244843e-04
2.704353828448802233e-04
2.753381268121302128e-04
2.811664016917347908e-04
3.279646334704011679e-04
2.601405140012502670e-04
2.587801427580416203e-04
2.610079827718436718e-04
2.611093514133244753e-04
2.609536168165504932e-04
2.611214586067944765e-04
2.615103730931878090e-04
2.615834819152951241e-04
2.605455229058861732e-04
2.611450909171253443e-04
2.612117968965321779e-04
2.602507302071899176e-04
2.609079238027334213e-04
2.612907846923917532e-04
2.585648035164922476e-04
2.595592522993683815e-04
2.621643943712115288e-04
2.629206865094602108e-04
2.627425128594040871e-04
2.593185345176607370e-04
2.616404963191598654e-04
2.614945115055888891e-04
2.630379167385399342e-04
2.635696146171540022e-04
2.626703353598713875e-04
2.624189364723861217e-04
2.646020438987761736e-04
2.650497481226921082e-04
2.640664752107113600e-04
2.671872498467564583e-04
2.680140023585408926e-04
2.693569404073059559e-04
2.732762368395924568e-04
2.860312524717301130e-04
2.870482567232102156e-04
3.248265420552343130e-04
2.728805993683636189e-04
2.695294970180839300e-04
2.678743330761790276e-04
2.664199855644255877e-04
3.236085758544504642e-04
2.831192105077207088e-04
3.245589323341846466e-04
2.666139625944197178e-04
3.294420312158763409e-04
2.689824905246496201e-04
2.837372594512999058e-04
3.213714808225631714e-04
2.779104979708790779e-04
2.741805801633745432e-04
2.648765803314745426e-04
3.195588942617177963e-04
2.686294319573789835e-04
2.704701619222760201e-04
3.259618533775210381e-04
2.834904589690268040e-04
2.878092054743319750e-04
2.721128694247454405e-04
2.735433517955243587e-04
2.693568530958145857e-04
2.768424456007778645e-04
3.280365781392902136e-04
2.771964063867926598e-04
2.876118232961744070e-04
2.659370948094874620e-04
2.785192918963730335e-04
2.722569042816758156e-04
2.653988485690206289e-04
2.750255516730248928e-04
2.754184824880212545e-04
2.720824268180876970e-04
2.780938229989260435e-04
2.726429956965148449e-04
2.714626607485115528e-04
3.247912100050598383e-04
2.771472209133207798e-04
3.278153308201581240e-04
2.695052826311439276e-04
3.242791863158345222e-04
2.743643126450479031e-04
2.885010908357799053e-04
3.278855001553893089e-04
2.725005615502595901e-04
2.620825835037976503e-04
2.592167584225535393e-04
2.595560508780181408e-04
2.616919518914073706e-04
2.612923562992364168e-04
2.611222444102168083e-04
2.612732932902872562e-04
2.641615574248135090e-04
2.623111358843743801e-04
2.623078471515327692e-04
2.623634645715355873e-04
2.626913774292916059e-04
2.629974333103746176e-04
2.643889456521719694e-04
2.674522693268954754e-04
2.661344187799841166e-04
2.681007608771324158e-04
2.704974904190748930e-04
2.896387595683336258e-04
3.278186777606606483e-04
2.623098262120038271e-04
2.627360227052122355e-04
2.623999898787587881e-04
2.635377459228038788e-04
2.641176979523152113e-04
2.613470423966646194e-04
3.277701616752892733e-04
2.892467309720814228e-04
3.256640338804572821e-04
2.768660488072782755e-04
2.868342853616923094e-04
2.770244609564542770e-04
2.676759904716163874e-04
2.705197257455438375e-04
2.710901317186653614e-04
2.657253353390842676e-04
3.280622768215835094e-04
2.869587333407253027e-04
3.286266583018004894e-04
2.734388108365237713e-04
3.229076392017304897e-04
2.728492545429617167e-04
2.650130190886557102e-04
3.260310622863471508e-04
2.658167213667184114e-04
2.723764046095311642e-04
2.731624408625066280e-04
2.773179439827799797e-04
2.646465727593749762e-04
2.623629989102482796e-04
2.765797544270753860e-04
2.707090461626648903e-04
2.681351033970713615e-04
2.713162393774837255e-04
2.897956583183258772e-04
2.671211550477892160e-04
3.252139140386134386e-04
3.265061532147228718e-04
2.624992921482771635e-04
2.636664139572530985e-04
2.795736945699900389e-04
2.656880533322691917e-04
3.264235565438866615e-04
2.635899581946432590e-04
2.855686761904507875e-04
2.679761091712862253e-04
2.669175446499139071e-04
2.878519298974424601e-04
2.708443207666277885e-04
3.180904895998537540e-04
2.890859323088079691e-04
3.255813790019601583e-04
2.872265467885881662e-04
2.694494323804974556e-04
2.694186696317046881e-04
2.645072236191481352e-04
2.681337064132094383e-04
2.885602880269289017e-04
2.775962057057768106e-04
3.278929798398166895e-04
2.784258103929460049e-04
2.875745994970202446e-04
3.231712616980075836e-04
3.262709069531410933e-04
3.242999955546110868e-04
2.763324300758540630e-04
2.726188686210662127e-04
2.613889810163527727e-04
2.661445469129830599e-04
2.774659078568220139e-04
2.630990347824990749e-04
2.787704579532146454e-04
2.731806307565420866e-04
3.244924009777605534e-04
2.714195870794355869e-04
3.257561475038528442e-04
2.729242260102182627e-04
2.747754624579101801e-04
2.734562731347978115e-04
2.593879762571305037e-04
2.664563653524965048e-04
2.885182329919189215e-04
3.238743811380118132e-04
2.682660415302962065e-04
2.864163252525031567e-04
2.878957602661103010e-04
2.724113001022487879e-04
2.695118892006576061e-04
3.129207761958241463e-04
2.765303943306207657e-04
3.284442645963281393e-04
2.771444269455969334e-04
2.882141561713069677e-04
2.776148903649300337e-04
2.855934435501694679e-04
2.733626752160489559e-04
2.788003766909241676e-04
2.689791144803166389e-04
3.177914768457412720e-04
2.886025467887520790e-04
2.884974819608032703e-04
2.604126057121902704e-04
2.763977099675685167e-04
3.324754070490598679e-04
2.727935789152979851e-04
2.647900546435266733e-04
2.731506538111716509e-04
3.256509371567517519e-04
2.856763021554797888e-04
2.894461504183709621e-04
3.288393781986087561e-04
2.761790528893470764e-04
2.854492340702563524e-04
2.724898804444819689e-04
3.291588800493627787e-04
3.273096808698028326e-04
2.653863048180937767e-04
3.254663606639951468e-04
2.890906762331724167e-04
2.621218445710837841e-04
3.269230655860155821e-04
3.239998477511107922e-04
2.776146866381168365e-04
2.669873647391796112e-04
3.197907935827970505e-04
2.683874045033007860e-04
2.635049750097095966e-04
2.741827047429978848e-04
2.844434930011630058e-04
3.269114240538328886e-04
2.767290570773184299e-04
3.284804115537554026e-04
2.684305945876985788e-04
3.241754602640867233e-04
3.266781859565526247e-04
2.881897089537233114e-04
2.897496451623737812e-04
2.721226192079484463e-04
3.230122674722224474e-04
2.765218669082969427e-04
3.276343340985476971e-04
3.293172339908778667e-04
2.729897969402372837e-04
2.673044800758361816e-04
2.675146388355642557e-04
2.872998011298477650e-04
2.699297328945249319e-04
2.784111129585653543e-04
2.806288830470293760e-04
2.664160274434834719e-04
3.267545544076710939e-04
2.704536018427461386e-04
3.280667879153043032e-04
2.630858798511326313e-04
2.664522908162325621e-04
2.696314186323434114e-04
2.700062177609652281e-04
3.286231949459761381e-04
2.687111264094710350e-04
2.875585632864385843e-04
3.271133755333721638e-04
2.724397927522659302e-04
2.701861376408487558e-04
2.895039215218275785e-04
3.256986965425312519e-04
2.778442867565900087e-04
2.664088096935302019e-04
3.294655762147158384e-04
3.271872701589018106e-04
2.598853898234665394e-04
2.870343159884214401e-04
3.249552682973444462e-04
2.793759631458669901e-04
2.661776379682123661e-04
3.215211618226021528e-04
2.873757912311702967e-04
2.878742816392332315e-04
3.214912721887230873e-04
3.200653591193258762e-04
2.876394428312778473e-04
2.767513797152787447e-04
3.279591328464448452e-04
3.270451852586120367e-04
2.749016275629401207e-04
2.869517193175852299e-04
2.770377323031425476e-04
2.692994021344929934e-04
2.886503643821924925e-04
2.876695943996310234e-04
3.263078688178211451e-04
2.650051610544323921e-04
3.256870841141790152e-04
3.252639435231685638e-04
3.258690412621945143e-04
2.611688105389475822e-04
2.626076166052371264e-04
2.775795874185860157e-04
2.720451448112726212e-04
3.306443395558744669e-04
3.249092842452228069e-04
2.772846200969070196e-04
3.272019384894520044e-04
3.242676320951431990e-04
2.661405014805495739e-04
2.882703556679189205e-04
2.861428947653621435e-04
2.787083503790199757e-04
2.750601852312684059e-04
2.632600371725857258e-04
2.697015879675745964e-04
2.703617792576551437e-04
2.865439455490559340e-04
3.253259928897023201e-04
2.684057399164885283e-04
2.672580303624272346e-04
2.766170655377209187e-04
3.281221434008330107e-04
3.282431862317025661e-04
3.253388858865946531e-04
3.288546286057680845e-04
2.640734892338514328e-04
3.263097023591399193e-04
2.700024924706667662e-04
2.692917478270828724e-04
2.722148783504962921e-04
2.727825194597244263e-04
2.641960163600742817e-04
3.295757633168250322e-04
2.611261734273284674e-04
2.883103443309664726e-04
2.642890030983835459e-04
2.726590028032660484e-04
3.254460170865058899e-04
2.872808836400508881e-04
2.733767032623291016e-04
3.233716706745326519e-04
2.869206073228269815e-04
3.253436007071286440e-04
2.685041690710932016e-04
2.755508467089384794e-04
3.262597892899066210e-04
2.778868656605482101e-04
3.273327893111854792e-04
2.883684937842190266e-04
2.775646862573921680e-04
3.281162644270807505e-04
3.274708869867026806e-04
2.685650833882391453e-04
2.858727239072322845e-04
2.686223888304084539e-04
2.754140878096222878e-04
2.784500538837164640e-04
2.894165809266269207e-04
2.887830778490751982e-04
2.850595046766102314e-04
2.876870275940746069e-04
3.212566662114113569e-04
3.267614520154893398e-04
2.875312929973006248e-04
2.705942024476826191e-04
3.262298414483666420e-04
2.894377685151994228e-04
2.888413146138191223e-04
3.123630303889513016e-04
2.658976591192185879e-04
2.775822649709880352e-04
2.879226522054523230e-04
2.661959733814001083e-04
2.624959161039441824e-04
3.290389722678810358e-04
2.865048882085829973e-04
2.789314603433012962e-04
2.628891961649060249e-04
2.758186310529708862e-04
2.659356105141341686e-04
2.703677746467292309e-04
2.871838223654776812e-04
3.265994018875062466e-04
2.627163776196539402e-04
2.841965178959071636e-04
2.875052159652113914e-04
2.874981146305799484e-04
3.233813622500747442e-04
3.284882695879787207e-04
2.627819485496729612e-04
2.818276698235422373e-04
3.197890473529696465e-04
2.618286234792321920e-04
3.271883470006287098e-04
2.737239701673388481e-04
3.267921274527907372e-04
2.765262906905263662e-04
2.770055143628269434e-04
3.278357326053082943e-04
2.694081049412488937e-04
2.633918775245547295e-04
3.294866764917969704e-04
2.862192341126501560e-04
3.172373690176755190e-04
2.638389996718615294e-04
3.275340714026242495e-04
2.625121560413390398e-04
2.610070514492690563e-04
2.771943982224911451e-04
2.644576306920498610e-04
2.866019785869866610e-04
2.643980842549353838e-04
2.676041913218796253e-04
3.257184580434113741e-04
2.654367417562752962e-04
2.776219334919005632e-04
3.198076155968010426e-04
2.751821593847125769e-04
2.868500305339694023e-04
2.606133639346808195e-04
3.220837388653308153e-04
2.733154396992176771e-04
2.641803293954581022e-04
2.765942481346428394e-04
3.239336656406521797e-04
2.644532651174813509e-04
2.725209342315793037e-04
2.648689551278948784e-04
2.670382673386484385e-04
2.635307027958333492e-04
3.269853477831929922e-04
2.594820107333362103e-04
2.713320427574217319e-04
3.276384959463030100e-04
2.730416017584502697e-04
3.282057004980742931e-04
2.748203987721353769e-04
2.868036099243909121e-04
2.768037666101008654e-04
2.800729998853057623e-04
2.916636003646999598e-04
3.228056302759796381e-04
2.695631701499223709e-04
2.732632274273782969e-04
2.728780382312834263e-04
2.878631639759987593e-04
2.733669243752956390e-04
3.228998393751680851e-04
2.770779537968337536e-04
2.781685325317084789e-04
2.884818241000175476e-04
2.685376384761184454e-04
2.754720917437225580e-04
3.276334027759730816e-04
3.240733349230140448e-04
2.792218874674290419e-04
2.886446018237620592e-04
3.262932004872709513e-04
2.670613175723701715e-04
3.266101120971143246e-04
2.636476710904389620e-04
2.732153225224465132e-04
3.292632754892110825e-04
3.278743824921548367e-04
2.703663194552063942e-04
2.648781810421496630e-04
2.652049879543483257e-04
2.883801353164017200e-04
2.734313602559268475e-04
2.601511951070278883e-04
3.250899899285286665e-04
2.758473274298012257e-04
2.857215586118400097e-04
2.858601801563054323e-04
2.760313800536096096e-04
2.701627672649919987e-04
2.761311479844152927e-04
2.729292027652263641e-04
2.835224440786987543e-04
2.628171641845256090e-04
2.884946879930794239e-04
3.278050280641764402e-04
2.779618080239742994e-04
2.698643656913191080e-04
3.279281372670084238e-04
2.773344458546489477e-04
2.864246198441833258e-04
2.868993324227631092e-04
2.732394204940646887e-04
2.870887983590364456e-04
2.862974361050873995e-04
3.278861404396593571e-04
2.672057889867573977e-04
2.659601450432091951e-04
2.881658729165792465e-04
3.282355610281229019e-04
2.725804224610328674e-04
3.268299042247235775e-04
2.671755501069128513e-04
2.714049769565463066e-04
3.233501338399946690e-04
2.877739025279879570e-04
2.756146423052996397e-04
2.895772340707480907e-04
2.888869785238057375e-04
2.661987964529544115e-04
2.730909036472439766e-04
3.263087710365653038e-04
2.843589754775166512e-04
2.771952422335743904e-04
3.190839779563248158e-04
2.747307298704981804e-04
2.771559811662882566e-04
3.275026974733918905e-04
3.276206844020634890e-04
3.279408556409180164e-04
2.678266027942299843e-04
3.174782905261963606e-04
2.727073151618242264e-04
2.865310234483331442e-04
2.602447348181158304e-04
2.893132041208446026e-04
2.703794452827423811e-04
3.280763630755245686e-04
3.288557636551558971e-04
3.269426524639129639e-04
3.288119332864880562e-04
3.284081467427313328e-04
3.205717657692730427e-04
2.862650144379585981e-04
2.757615584414452314e-04
3.270276938565075397e-04
2.767460246104747057e-04
2.893980126827955246e-04
3.267317370045930147e-04
3.197665209881961346e-04
2.718325995374470949e-04
2.878198865801095963e-04
3.251970338169485331e-04
2.782581723295152187e-04
2.874498604796826839e-04
2.636011340655386448e-04
2.728705585468560457e-04
2.852045581676065922e-04
2.675125433597713709e-04
3.184211091138422489e-04
2.626590430736541748e-04
3.245033149141818285e-04
3.272696048952639103e-04
2.888797316700220108e-04
2.763241645880043507e-04
2.876893559005111456e-04
2.649361849762499332e-04
2.751534921117126942e-04
2.815124462358653545e-04
2.870516327675431967e-04
2.871781471185386181e-04
2.644685155246406794e-04
2.666288346517831087e-04
2.876040816772729158e-04
2.647859218996018171e-04
3.273340407758951187e-04
3.219594946131110191e-04
2.724184305407106876e-04
2.696042356546968222e-04
2.868937444873154163e-04
2.735232119448482990e-04
3.294509660918265581e-04
3.252899041399359703e-04
3.271032182965427637e-04
2.894834033213555813e-04
3.274801129009574652e-04
2.710289554670453072e-04
2.636135905049741268e-04
2.864519483409821987e-04
2.644924970809370279e-04
3.275698982179164886e-04
3.292890323791652918e-04
2.768824342638254166e-04
3.273793845437467098e-04
3.218757919967174530e-04
2.875999198295176029e-04
3.234992036595940590e-04
2.657390432432293892e-04
3.271661989856511354e-04
3.264745173510164022e-04
2.719100448302924633e-04
3.282609104644507170e-04
2.772582520265132189e-04
3.253471804782748222e-04
2.883219567593187094e-04
3.293303307145833969e-04
3.229634894523769617e-04
2.637771249283105135e-04
2.880353713408112526e-04
2.699579345062375069e-04
3.293170593678951263e-04
2.893812779802829027e-04
2.862168767023831606e-04
2.708966785576194525e-04
2.709451364353299141e-04
2.898308448493480682e-04
3.269660810474306345e-04
3.276132047176361084e-04
2.667368971742689610e-04
2.655805146787315607e-04
2.769571146927773952e-04
2.769630227703601122e-04
2.720773918554186821e-04
3.160808410029858351e-04
2.886760630644857883e-04
2.822995011229068041e-04
3.262928512413054705e-04
2.701743505895137787e-04
2.876195358112454414e-04
3.204545064363628626e-04
2.777737972792237997e-04
2.669788373168557882e-04
2.735127345658838749e-04
3.271911118645220995e-04
2.759356284514069557e-04
2.747760445345193148e-04
2.627752837724983692e-04
3.198574122507125139e-04
2.782565716188400984e-04
2.847522264346480370e-04
2.771875588223338127e-04
3.239981015212833881e-04
2.893960336223244667e-04
2.633950207382440567e-04
2.776611654553562403e-04
2.838084474205970764e-04
2.723074867390096188e-04
3.250937152188271284e-04
2.753787848632782698e-04
3.271281020715832710e-04
3.225966065656393766e-04
2.634910051710903645e-04
2.772083098534494638e-04
2.880131942220032215e-04
2.863796253222972155e-04
2.874634228646755219e-04
2.724390651565045118e-04
2.625050547067075968e-04
3.106210206169635057e-04
2.883282140828669071e-04
2.891031326726078987e-04
3.158036852255463600e-04
2.774945460259914398e-04
2.710484841372817755e-04
3.304366837255656719e-04
3.267636930104345083e-04
2.765965182334184647e-04
2.640050661284476519e-04
2.776539768092334270e-04
2.656752185430377722e-04
2.718388277571648359e-04
3.283644618932157755e-04
3.238174540456384420e-04
2.849465527106076479e-04
3.153306024614721537e-04
3.269081062171608210e-04
2.719187759794294834e-04
3.252297465223819017e-04
3.156133752781897783e-04
3.283194091636687517e-04
2.882667758967727423e-04
3.237394557800143957e-04
3.180664207320660353e-04
2.773828746285289526e-04
2.867972943931818008e-04
3.249079454690217972e-04
2.741323260124772787e-04
3.205893444828689098e-04
2.888155868276953697e-04
3.089956589974462986e-04
2.793355670291930437e-04
3.244209801778197289e-04
2.638747973833233118e-04
2.772099396679550409e-04
2.841873501893132925e-04
3.200654173269867897e-04
3.229624708183109760e-04
2.643156039994210005e-04
2.715002337936311960e-04
3.214800672139972448e-04
2.763464290183037519e-04
3.233584284316748381e-04
2.775414905045181513e-04
2.712617279030382633e-04
3.248669381719082594e-04
2.866661525331437588e-04
2.773463493213057518e-04
2.803386887535452843e-04
2.844944829121232033e-04
3.286090504843741655e-04
2.683400234673172235e-04
3.225943946745246649e-04
2.789902500808238983e-04
3.282403631601482630e-04
2.880584215745329857e-04
2.706460945773869753e-04
2.947243920061737299e-04
3.239830257371068001e-04
2.851127937901765108e-04
2.724919468164443970e-04
3.296417999081313610e-04
2.728630206547677517e-04
3.233310417272150517e-04
3.251351590733975172e-04
2.892947522923350334e-04
3.287679573986679316e-04
3.222216619178652763e-04
2.883401466533541679e-04
3.225016407668590546e-04
2.891951880883425474e-04
2.706609666347503662e-04
2.835954655893146992e-04
2.733698638621717691e-04
2.674380957614630461e-04
2.835665072780102491e-04
3.280642267782241106e-04
2.885792637243866920e-04
2.777793561108410358e-04
2.827417629305273294e-04
3.120636683888733387e-04
2.869130403269082308e-04
3.289459564257413149e-04
2.774768508970737457e-04
3.095235733781009912e-04
3.257908974774181843e-04
3.283428668510168791e-04
2.778710040729492903e-04
3.161510685458779335e-04
2.670150715857744217e-04
3.268512082286179066e-04
2.687494852580130100e-04
2.635687706060707569e-04
2.656785363797098398e-04
2.762493386399000883e-04
3.245329717174172401e-04
2.727926766965538263e-04
2.876638318412005901e-04
2.840967790689319372e-04
2.894452481996268034e-04
2.895543584600090981e-04
2.863049739971756935e-04
3.291684843134135008e-04
2.692862763069570065e-04
3.274235932622104883e-04
2.772931766230612993e-04
3.269410808570683002e-04
2.757247129920870066e-04
3.196139878127723932e-04
2.896094520110636950e-04
3.313136403448879719e-04
2.776372130028903484e-04
3.200994106009602547e-04
2.781446673907339573e-04
2.780253998935222626e-04
3.234824689570814371e-04
2.776714973151683807e-04
3.283971163909882307e-04
3.271802270319312811e-04
2.719959593378007412e-04
2.764289383776485920e-04
3.244945255573838949e-04
2.867415314540266991e-04
3.265903505962342024e-04
2.784967946354299784e-04
2.871162723749876022e-04
2.766205579973757267e-04
2.730674750637263060e-04
2.873015182558447123e-04
2.731939021032303572e-04
2.778721100185066462e-04
2.858203370124101639e-04
3.276211500633507967e-04
2.702201891224831343e-04
2.622959145810455084e-04
2.726364182308316231e-04
2.773457381408661604e-04
2.654188137967139482e-04
2.690823166631162167e-04
3.288779698777943850e-04
3.241649537812918425e-04
3.288053267169743776e-04
2.676590811461210251e-04
2.880335377994924784e-04
2.652610128279775381e-04
2.862566034309566021e-04
2.725879603531211615e-04
3.283612895756959915e-04
2.696660521905869246e-04
3.217805933672934771e-04
2.716692688409239054e-04
2.858264779206365347e-04
2.779522328637540340e-04
2.816359337884932756e-04
2.886506554204970598e-04
2.689758548513054848e-04
2.657518489286303520e-04
3.279677475802600384e-04
2.731845306698232889e-04
3.285230777692049742e-04
2.753861772362142801e-04
2.877421502489596605e-04
2.716184826567769051e-04
2.635080309119075537e-04
3.275619528722018003e-04
3.222793748136609793e-04
3.262957034166902304e-04
3.256370837334543467e-04
2.776266192086040974e-04
2.718912728596478701e-04
3.287658910267055035e-04
2.725234371609985828e-04
2.837304782588034868e-04
3.261710808146744967e-04
3.263979160692542791e-04
2.785169635899364948e-04
2.889193710871040821e-04
3.286678984295576811e-04
2.722934004850685596e-04
3.302293771412223577e-04
2.776873589027673006e-04
2.778134366963058710e-04
3.284673148300498724e-04
2.776575274765491486e-04
2.759964263532310724e-04
2.859114611055701971e-04
2.874546335078775883e-04
2.862540131900459528e-04
3.299420932307839394e-04
2.766341494861990213e-04
2.693193673621863127e-04
3.294511407148092985e-04
2.724556543398648500e-04
2.658723387867212296e-04
3.222239611204713583e-04
2.706406812649220228e-04
2.877252118196338415e-04
2.905436849687248468e-04
2.660499303601682186e-04
3.284733684267848730e-04
3.261795209255069494e-04
2.751439169514924288e-04
2.875211357604712248e-04
2.881319378502666950e-04
2.651756512932479382e-04
2.913704956881701946e-04
2.873642079066485167e-04
2.783764794003218412e-04
2.746601239778101444e-04
2.726889797486364841e-04
2.788721176330000162e-04
2.687942469492554665e-04
2.669318346306681633e-04
3.106785297859460115e-04
2.751793654169887304e-04
3.178187762387096882e-04
2.881061227526515722e-04
2.776286564767360687e-04
3.240544465370476246e-04
3.276967618148773909e-04
2.784253738354891539e-04
3.249993897043168545e-04
2.891070616897195578e-04
2.771719009615480900e-04
2.723248326219618320e-04
2.871323376893997192e-04
2.591183874756097794e-04
3.209974674973636866e-04
2.787474659271538258e-04
2.892537740990519524e-04
3.234189935028553009e-04
2.874094352591782808e-04
3.203903615940362215e-04
2.689573157113045454e-04
2.778256894089281559e-04
3.273366310168057680e-04
3.252520400565117598e-04
3.223650855943560600e-04
2.770630235318094492e-04
2.730498381424695253e-04
2.756164467427879572e-04
2.664939675014466047e-04
2.780734503176063299e-04
3.287021245341747999e-04
3.274212358519434929e-04
2.706844825297594070e-04
2.881630207411944866e-04
2.874686615541577339e-04
2.775489701889455318e-04
2.855261263903230429e-04
3.256994241382926702e-04
2.668069791980087757e-04
2.651815593708306551e-04
3.290965978521853685e-04
2.779877395369112492e-04
2.780696959234774113e-04
3.260637749917805195e-04
2.888866001740098000e-04
2.665131178218871355e-04
2.758478804025799036e-04
3.265154373366385698e-04
2.773751039057970047e-04
3.258018114138394594e-04
2.857297949958592653e-04
2.774652675725519657e-04
2.669770328793674707e-04
3.264408151153475046e-04
3.209380665794014931e-04
2.757423499133437872e-04
2.735647722147405148e-04
3.280965902376919985e-04
2.772736188489943743e-04
3.280838136561214924e-04
2.699879696592688560e-04
2.727944811340421438e-04
2.771083964034914970e-04
3.291002649348229170e-04
2.859226369764655828e-04
2.734021400101482868e-04
3.267984429839998484e-04
2.781836374197155237e-04
3.284265694674104452e-04
2.783322997856885195e-04
2.624774351716041565e-04
2.642074250616133213e-04
2.626494097057729959e-04
2.656918368302285671e-04
2.694680006243288517e-04
2.734037989284843206e-04
2.768877893686294556e-04
3.218008496332913637e-04
2.772978041321039200e-04
2.761880750767886639e-04
2.767881087493151426e-04
3.243791870772838593e-04
2.687894739210605621e-04
2.692333655431866646e-04
2.705119841266423464e-04
2.565700851846486330e-04
3.266939893364906311e-04
2.874238998629152775e-04
2.763960219454020262e-04
3.281231620348989964e-04
2.659619203768670559e-04
2.773113083094358444e-04
3.270377346780151129e-04
2.876414218917489052e-04
2.780764480121433735e-04
2.745933015830814838e-04
3.248736611567437649e-04
2.704574726521968842e-04
3.264887782279402018e-04
2.780300274025648832e-04
3.284537815488874912e-04
2.669375098776072264e-04
2.872366458177566528e-04
3.281627723481506109e-04
3.268367145210504532e-04
2.870939206331968307e-04
2.698414027690887451e-04
2.880511165130883455e-04
2.877621736843138933e-04
2.743555814959108829e-04
2.832686877809464931e-04
2.881870896089822054e-04
3.261388046666979790e-04
2.698957105167210102e-04
2.896931546274572611e-04
3.273139591328799725e-04
2.730534179136157036e-04
3.276676288805902004e-04
3.215027973055839539e-04
2.785969991236925125e-04
2.888671879190951586e-04
2.730517298914492130e-04
3.239978104829788208e-04
2.717429306358098984e-04
2.711873676162213087e-04
2.771510626189410686e-04
2.780131471808999777e-04
2.896448713727295399e-04
3.253943577874451876e-04
3.298174706287682056e-04
2.778988564386963844e-04
3.276500792708247900e-04
3.124549693893641233e-04
2.772803418338298798e-04
3.290836175438016653e-04
2.757401962298899889e-04
2.786279364954680204e-04
3.271406749263405800e-04
2.697972231544554234e-04
2.901081461459398270e-04
2.758183400146663189e-04
3.293852496426552534e-04
3.288991865701973438e-04
2.680959296412765980e-04
2.752748550847172737e-04
2.773090382106602192e-04
3.154590376652777195e-04
2.720837364904582500e-04
2.885750727728009224e-04
3.283698461018502712e-04
3.268005675636231899e-04
3.275350900366902351e-04
2.781051443889737129e-04
2.749848936218768358e-04
3.233947500120848417e-04
2.884580462705343962e-04
2.774999884422868490e-04
2.830459270626306534e-04
3.264056285843253136e-04
3.194833698216825724e-04
2.716874587349593639e-04
2.863267727661877871e-04
2.745294768828898668e-04
2.762047515716403723e-04
3.221475053578615189e-04
2.771350846160203218e-04
2.859457163140177727e-04
3.192297299392521381e-04
3.279496449977159500e-04
2.619259175844490528e-04
3.261586825828999281e-04
3.275499620940536261e-04
3.163654182571917772e-04
3.234683827031403780e-04
2.666265645530074835e-04
2.701343619264662266e-04
2.677369047887623310e-04
2.604814653750509024e-04
2.734002191573381424e-04
3.300574899185448885e-04
2.883768756873905659e-04
3.234194591641426086e-04
2.837526262737810612e-04
3.240832593291997910e-04
2.720738993957638741e-04
3.281818353570997715e-04
2.849302836693823338e-04
2.884013520088046789e-04
2.891607873607426882e-04
3.236512420699000359e-04
2.774522872641682625e-04
2.597795973997563124e-04
2.703988866414874792e-04
2.711547713261097670e-04
3.243155078962445259e-04
2.650837705004960299e-04
2.633160620462149382e-04
3.256169438827782869e-04
3.176159225404262543e-04
3.274453047197312117e-04
2.742604701779782772e-04
2.636564313434064388e-04
2.773607266135513783e-04
3.285197599325329065e-04
2.873818448279052973e-04
2.668822125997394323e-04
2.885474532376974821e-04
3.267770516686141491e-04
2.869039308279752731e-04
2.877953229472041130e-04
2.634313423186540604e-04
2.699124452192336321e-04
3.120698966085910797e-04
3.266802814323455095e-04
2.775807806756347418e-04
3.240805526729673147e-04
2.787775592878460884e-04
2.891012991312891245e-04
3.269210283178836107e-04
2.875985519494861364e-04
3.260535013396292925e-04
2.895307843573391438e-04
2.601601299829781055e-04
2.847948053386062384e-04
2.873157500289380550e-04
3.285321872681379318e-04
2.884551940951496363e-04
2.883445413317531347e-04
3.157440514769405127e-04
2.681102487258613110e-04
3.144780930597335100e-04
2.725331869442015886e-04
2.761692740023136139e-04
2.866513386834412813e-04
3.203864034730941057e-04
3.248810826335102320e-04
2.843002439476549625e-04
2.780633221846073866e-04
2.715772716328501701e-04
2.739618357736617327e-04
3.272608737461268902e-04
2.763912489172071218e-04
3.245722618885338306e-04
2.698829339351505041e-04
2.734552836045622826e-04
2.744431840255856514e-04
2.875281788874417543e-04
2.624184708110988140e-04
3.190941351931542158e-04
2.656045835465192795e-04
2.619595325086265802e-04
3.230565926060080528e-04
3.292719484306871891e-04
2.876093203667551279e-04
2.683773636817932129e-04
2.775230386760085821e-04
2.717570459935814142e-04
2.778643101919442415e-04
3.222543455194681883e-04
2.784773241728544235e-04
2.866935101337730885e-04
3.225284453947097063e-04
3.248190332669764757e-04
2.758463670033961535e-04
2.686965162865817547e-04
2.893031924031674862e-04
3.215692704543471336e-04
2.734989684540778399e-04
2.663664345163851976e-04
2.658447483554482460e-04
2.766323450487107038e-04
2.879382227547466755e-04
3.276967618148773909e-04
2.747983380686491728e-04
2.865701972041279078e-04
2.767565893009305000e-04
2.742956858128309250e-04
2.632314572110772133e-04
3.292288747616112232e-04
2.694587747100740671e-04
2.708510728552937508e-04
2.663497580215334892e-04
2.873306511901319027e-04
3.272758913226425648e-04
3.282079997006803751e-04
2.881739928852766752e-04
2.853341284207999706e-04
3.131367557216435671e-04
2.890915784519165754e-04
2.887569717131555080e-04
3.273903857916593552e-04
2.777987101580947638e-04
2.895091020036488771e-04
2.621758612804114819e-04
2.863898407667875290e-04
2.873827761504799128e-04
3.188318514730781317e-04
2.659712918102741241e-04
2.889041206799447536e-04
2.618011203594505787e-04
2.640859456732869148e-04
2.787764824461191893e-04
3.288562293164432049e-04
2.676163858268409967e-04
2.727827522903680801e-04
3.262420068494975567e-04
3.093187115155160427e-04
2.741122152656316757e-04
3.271653258707374334e-04
2.667923981789499521e-04
3.285420534666627645e-04
2.721784985624253750e-04
3.223019011784344912e-04
3.242152160964906216e-04
3.272969042882323265e-04
3.275240887887775898e-04
2.877942170016467571e-04
3.223012899979948997e-04
3.240348305553197861e-04
2.892686461564153433e-04
2.769818820524960756e-04
3.220755897928029299e-04
3.220082144252955914e-04
3.272336325608193874e-04
3.269692824687808752e-04
3.282490943092852831e-04
3.284482809249311686e-04
2.878782688640058041e-04
2.879370586015284061e-04
2.875141799449920654e-04
2.891944313887506723e-04
3.206718247383832932e-04
3.267108113504946232e-04
3.246040723752230406e-04
3.299180243629962206e-04
3.136230807285755873e-04
2.695373841561377048e-04
2.699441101867705584e-04
3.278244403190910816e-04
3.265519626438617706e-04
3.252791648264974356e-04
2.623298496473580599e-04
2.777737972792237997e-04
3.257766074966639280e-04
3.233696043025702238e-04
2.893210621550679207e-04
3.269064181949943304e-04
3.220078942831605673e-04
2.886476577259600163e-04
2.638709556777030230e-04
2.781800867523998022e-04
3.220662765670567751e-04
3.270331944804638624e-04
2.891995827667415142e-04
3.277944051660597324e-04
2.726074890233576298e-04
3.231111913919448853e-04
2.777649497147649527e-04
3.265208506491035223e-04
2.876010548789054155e-04
3.286343417130410671e-04
2.686851657927036285e-04
2.672384725883603096e-04
2.620696322992444038e-04
3.268805157858878374e-04
3.240971127524971962e-04
3.277202195022255182e-04
2.853625337593257427e-04
2.778121561277657747e-04
2.773526648525148630e-04
2.874469500966370106e-04
2.771136933006346226e-04
3.196033067069947720e-04
2.723885409068316221e-04
2.674373390618711710e-04
3.291957254987210035e-04
2.747455146163702011e-04
2.882085682358592749e-04
2.670829417183995247e-04
3.287833533249795437e-04
3.281286044511944056e-04
2.765045210253447294e-04
3.282813413534313440e-04
2.774711465463042259e-04
2.890940231736749411e-04
2.655859861988574266e-04
2.782059600576758385e-04
3.276143979746848345e-04
2.776427718345075846e-04
2.887178561650216579e-04
3.266037092544138432e-04
3.257326025050133467e-04
2.770189021248370409e-04
2.770570281427353621e-04
2.694950380828231573e-04
3.290464228484779596e-04
3.238416102249175310e-04
3.145298687741160393e-04
2.725566737353801727e-04
2.775561588350683451e-04
3.243403916712850332e-04
3.151854034513235092e-04
2.733975707087665796e-04
3.247804415877908468e-04
3.268924774602055550e-04
2.888908493332564831e-04
2.653726842254400253e-04
2.883384586311876774e-04
2.765732642728835344e-04
3.254516923334449530e-04
2.783040108624845743e-04
3.224096435587853193e-04
3.282506368122994900e-04
2.706631203182041645e-04
3.269740263931453228e-04
2.707310195546597242e-04
2.777834015432745218e-04
2.870245953090488911e-04
2.729349071159958839e-04
2.872151089832186699e-04
2.773269370663911104e-04
2.853603509720414877e-04
3.225807449780404568e-04
2.883746346924453974e-04
3.288624284323304892e-04
3.278822696302086115e-04
3.112181148026138544e-04
2.871664473786950111e-04
3.269180888310074806e-04
2.699469041544944048e-04
2.753350709099322557e-04
3.254525654483586550e-04
2.890001924242824316e-04
2.877887454815208912e-04
2.883404376916587353e-04
3.290350432507693768e-04
2.801606315188109875e-04
3.193995507899671793e-04
3.280337841715663671e-04
2.830455487128347158e-04
3.274288610555231571e-04
2.720412740018218756e-04
2.880375832319259644e-04
3.254960465710610151e-04
3.201398358214646578e-04
3.154864243697375059e-04
2.752238069660961628e-04
3.223866806365549564e-04
3.270109300501644611e-04
2.791611186694353819e-04
2.744106168393045664e-04
3.277580544818192720e-04
3.279656812082976103e-04
2.734476292971521616e-04
2.776393957901746035e-04
3.241492377128452063e-04
3.282528778072446585e-04
3.275153576396405697e-04
2.846016432158648968e-04
3.254378098063170910e-04
2.828742435667663813e-04
2.722264907788485289e-04
2.753980515990406275e-04
3.279388765804469585e-04
2.780564536806195974e-04
2.875395002774894238e-04
3.163664077874273062e-04
3.278542426414787769e-04
3.230047877877950668e-04
2.780615759547799826e-04
2.872703771572560072e-04
2.745127130765467882e-04
2.874839410651475191e-04
3.252584137953817844e-04
2.789071295410394669e-04
2.872586774174124002e-04
3.222064697183668613e-04
2.899503160733729601e-04
2.737122704274952412e-04
3.275155904702842236e-04
2.748977567534893751e-04
3.290198219474405050e-04
2.870696189347654581e-04
3.011517983395606279e-04
2.785487449727952480e-04
2.878017548937350512e-04
3.260176163166761398e-04
2.867295406758785248e-04
2.721278287936002016e-04
2.807232085615396500e-04
2.762464573606848717e-04
3.228155837859958410e-04
3.239227808080613613e-04
2.873996563721448183e-04
3.267895081080496311e-04
2.778236521407961845e-04
2.899471146520227194e-04
3.265651466790586710e-04
2.847670984920114279e-04
2.719191543292254210e-04
2.762627846095710993e-04
3.261959936935454607e-04
2.773099695332348347e-04
2.834280603565275669e-04
3.239787183701992035e-04
2.882398548536002636e-04
2.689964603632688522e-04
2.676364092621952295e-04
2.734312438406050205e-04
2.800355141516774893e-04
2.763440134003758430e-04
3.245439438614994287e-04
3.181514039169996977e-04
3.256903437431901693e-04
2.891358162742108107e-04
2.628767397254705429e-04
2.667910885065793991e-04
2.720306219998747110e-04
2.772626467049121857e-04
3.152687277179211378e-04
2.643360639922320843e-04
2.720913325902074575e-04
2.888791495934128761e-04
3.261370002292096615e-04
2.666051441337913275e-04
2.649459056556224823e-04
2.699874457903206348e-04
2.639702288433909416e-04
2.671989786904305220e-04
2.820586087182164192e-04
2.881042601075023413e-04
2.776938199531286955e-04
2.720738993957638741e-04
2.640205784700810909e-04
2.672832342796027660e-04
2.775475732050836086e-04
2.803923562169075012e-04
2.903243876062333584e-04
2.672820701263844967e-04
2.769143029581755400e-04
2.699295291677117348e-04
2.782193769235163927e-04
2.879027742892503738e-04
2.667411463335156441e-04
2.721339988056570292e-04
2.883068227674812078e-04
2.885683788917958736e-04
3.234611649531871080e-04
2.698183816391974688e-04
3.148988180328160524e-04
2.731637214310467243e-04
2.878248342312872410e-04
2.869749732781201601e-04
2.885361027438193560e-04
3.258439537603408098e-04
3.263560065533965826e-04
2.695496659725904465e-04
3.284776466898620129e-04
3.284811973571777344e-04
2.870147291105240583e-04
3.287077415734529495e-04
2.847177383955568075e-04
2.783779636956751347e-04
2.759346680250018835e-04
2.721559721976518631e-04
2.750304411165416241e-04
2.883082488551735878e-04
3.215771575924009085e-04
2.887160517275333405e-04
3.258569922763854265e-04
2.702770871110260487e-04
3.264461993239820004e-04
2.729972475208342075e-04
2.864818961825221777e-04
3.194323799107223749e-04
2.727837709244340658e-04
2.779962087515741587e-04
2.840890665538609028e-04
3.260438388679176569e-04
2.645080094225704670e-04
2.879167150240391493e-04
2.761594369076192379e-04
3.223715757485479116e-04
2.767369151115417480e-04
3.214067255612462759e-04
3.243053506594151258e-04
2.737465547397732735e-04
2.775575558189302683e-04
2.774445456452667713e-04
3.294817870482802391e-04
2.867891744244843721e-04
3.287416766397655010e-04
3.294980851933360100e-04
2.779583155643194914e-04
2.776913461275398731e-04
2.882237022276967764e-04
3.276555216871201992e-04
2.784467360470443964e-04
2.886918664444237947e-04
3.253858012612909079e-04
2.705922233872115612e-04
2.882645640056580305e-04
3.276701318100094795e-04
2.747268299572169781e-04
2.872546028811484575e-04
2.884175337385386229e-04
3.285475540906190872e-04
3.276196075603365898e-04
2.886879083234816790e-04
3.240460937377065420e-04
2.675558207556605339e-04
2.866210998035967350e-04
3.270562738180160522e-04
2.779523201752454042e-04
3.272377944085747004e-04
2.864221751224249601e-04
2.772160514723509550e-04
2.861116954591125250e-04
3.274190530646592379e-04
2.859607338905334473e-04
3.264826082158833742e-04
2.731002168729901314e-04
3.257848147768527269e-04
2.858901279978454113e-04
2.766118850558996201e-04
2.737134345807135105e-04
2.769615093711763620e-04
2.763055963441729546e-04
3.242644015699625015e-04
2.773530140984803438e-04
2.786286931950598955e-04
3.274357877671718597e-04
3.264288243371993303e-04
2.868414449039846659e-04
2.838389191310852766e-04
3.285660641267895699e-04
2.871273027267307043e-04
2.750035782810300589e-04
3.247123386245220900e-04
3.242708044126629829e-04
3.230620932299643755e-04
2.706568920984864235e-04
3.269951557740569115e-04
3.274130576755851507e-04
2.773064188659191132e-04
3.252322203479707241e-04
2.824326802510768175e-04
2.721503551583737135e-04
2.641225000843405724e-04
2.695954171940684319e-04
3.250846639275550842e-04
2.657345903571695089e-04
2.634827396832406521e-04
2.671222027856856585e-04
2.688391541596502066e-04
2.658682642504572868e-04
2.677317243069410324e-04
2.653436677064746618e-04
2.752582367975264788e-04
2.782260708045214415e-04
2.840363013092428446e-04
2.877757360693067312e-04
2.768849954009056091e-04
2.775008615572005510e-04
2.880778047256171703e-04
2.638486912474036217e-04
2.649551897775381804e-04
2.802579256240278482e-04
2.648368827067315578e-04
2.678621676750481129e-04
2.785444085020571947e-04
3.150837437715381384e-04
2.885650028474628925e-04
3.268013824708759785e-04
2.754460147116333246e-04
3.269122680649161339e-04
2.778668422251939774e-04
3.291346074547618628e-04
2.764373202808201313e-04
2.867259318009018898e-04
2.754060551524162292e-04
2.851869212463498116e-04
3.262416284997016191e-04
3.277307259850203991e-04
2.783360250759869814e-04
2.682494814507663250e-04
2.718299801927059889e-04
2.891382027883082628e-04
2.634363772813230753e-04
2.780560753308236599e-04
2.887343871407210827e-04
2.769743732642382383e-04
2.875327772926539183e-04
2.700235345400869846e-04
3.262597892899066210e-04
2.697989111766219139e-04
2.665177162270992994e-04
2.875404898077249527e-04
3.258461656514555216e-04
2.843014081008732319e-04
2.885349385906010866e-04
2.899733954109251499e-04
3.269754233770072460e-04
2.630985109135508537e-04
2.656178257893770933e-04
2.668898378033190966e-04
2.730016713030636311e-04
2.699453325476497412e-04
3.284096892457455397e-04
2.658153825905174017e-04
2.661706239450722933e-04
2.660860191099345684e-04
2.640107704792171717e-04
2.647945657372474670e-04
2.707060484681278467e-04
3.273437614552676678e-04
2.662786282598972321e-04
2.733303990680724382e-04
2.783670788630843163e-04
2.947924367617815733e-04
2.938577963504940271e-04
2.762291987892240286e-04
3.204525855835527182e-04
2.741170465014874935e-04
2.762961958069354296e-04
2.678515447769314051e-04
2.610691008158028126e-04
2.878552477341145277e-04
2.768435806501656771e-04
2.861413522623479366e-04
3.258752112742513418e-04
2.731076674535870552e-04
2.666695218067616224e-04
2.731855493038892746e-04
2.720709017012268305e-04
3.289291635155677795e-04
2.649459347594529390e-04
3.204416134394705296e-04
3.234760079067200422e-04
2.711253182496875525e-04
2.781097427941858768e-04
2.662386104930192232e-04
3.211473522242158651e-04
2.760606585070490837e-04
2.888237067963927984e-04
3.272677422501146793e-04
2.851214085239917040e-04
2.756563480943441391e-04
3.204169915989041328e-04
3.275426570326089859e-04
3.264812694396823645e-04
2.686334191821515560e-04
2.700475452002137899e-04
2.881624386645853519e-04
2.881352265831083059e-04
3.230528091080486774e-04
2.860207459889352322e-04
3.264820843469351530e-04
2.786660625133663416e-04
3.262837126385420561e-04
2.863232220988720655e-04
3.222458180971443653e-04
2.771095896605402231e-04
3.271967289038002491e-04
3.238978097215294838e-04
2.773915184661746025e-04
3.270828165113925934e-04
2.630872186273336411e-04
2.655853459145873785e-04
2.648676163516938686e-04
2.893829660024493933e-04
3.153921861667186022e-04
3.211156872566789389e-04
2.705242950469255447e-04
2.763538213912397623e-04
2.867963630706071854e-04
3.213109448552131653e-04
2.850634627975523472e-04
2.727303944993764162e-04
2.698632597457617521e-04
2.882677654270082712e-04
3.228473069611936808e-04
2.716069866437464952e-04
2.724060614127665758e-04
3.208973794244229794e-04
2.856047649402171373e-04
3.257203206885606050e-04
2.671522961463779211e-04
2.924663422163575888e-04
2.928346511907875538e-04
3.126956289634108543e-04
2.781087241601198912e-04
3.225674445275217295e-04
2.875756472349166870e-04
3.232309536542743444e-04
3.202735388185828924e-04
2.699322940316051245e-04
3.240614314563572407e-04
2.620836603455245495e-04
3.279300581198185682e-04
3.233861061744391918e-04
2.879879029933363199e-04
2.780236536636948586e-04
2.736464666668325663e-04
3.283737460151314735e-04
2.857368963304907084e-04
2.690859255380928516e-04
2.750008716247975826e-04
2.627380599733442068e-04
2.616304263938218355e-04
2.621662279125303030e-04
2.615762641653418541e-04
2.640625170897692442e-04
2.608106588013470173e-04
2.642369945533573627e-04
2.690856344997882843e-04
2.604104520287364721e-04
2.721584460232406855e-04
2.863453410100191832e-04
3.253977047279477119e-04
2.611188392620533705e-04
3.200645733159035444e-04
2.805802796501666307e-04
2.854895137716084719e-04
2.728637191466987133e-04
2.626561035867780447e-04
2.877000661101192236e-04
2.728687541093677282e-04
2.698063326533883810e-04
2.699338656384497881e-04
2.847342402674257755e-04
2.733241126406937838e-04
2.879611565731465816e-04
2.780192880891263485e-04
2.701430348679423332e-04
2.705760125536471605e-04
2.643430489115417004e-04
2.642367617227137089e-04
2.644765772856771946e-04
2.661070320755243301e-04
2.664371277205646038e-04
2.733553119469434023e-04
2.699092146940529346e-04
2.864632115233689547e-04
3.296061186119914055e-04
2.796438348013907671e-04
3.275638446211814880e-04
2.771955914795398712e-04
3.249617293477058411e-04
2.700471377465873957e-04
2.616920974105596542e-04
2.607724163681268692e-04
2.602151944302022457e-04
3.281453100498765707e-04
2.879883104469627142e-04
3.254523617215454578e-04
2.850616292562335730e-04
2.687004161998629570e-04
3.243510436732321978e-04
3.284045669715851545e-04
2.889447496272623539e-04
3.269216977059841156e-04
3.121434419881552458e-04
2.654591808095574379e-04
2.863122790586203337e-04
2.780533104669302702e-04
3.283936821389943361e-04
2.887112204916775227e-04
2.877883380278944969e-04
2.714155707508325577e-04
2.661603502929210663e-04
2.675103314686566591e-04
3.284943813923746347e-04
2.691656409297138453e-04
3.248999710194766521e-04
2.775596512947231531e-04
2.685453800950199366e-04
2.779986243695020676e-04
2.891890180762857199e-04
3.279735392425209284e-04
2.590249059721827507e-04
2.782285446301102638e-04
3.277937648817896843e-04
3.265833947807550430e-04
2.865860587917268276e-04
2.838248037733137608e-04
2.884964633267372847e-04
2.782623050734400749e-04
3.268728032708168030e-04
2.765561221167445183e-04
3.268543805461376905e-04
2.705354418139904737e-04
2.665265346877276897e-04
2.843486436177045107e-04
2.765263780020177364e-04
3.227458510082215071e-04
2.878138329833745956e-04
2.857657673303037882e-04
2.631770039442926645e-04
3.267694846726953983e-04
2.767051628325134516e-04
2.695208531804382801e-04
3.306803409941494465e-04
2.656447468325495720e-04
2.841418026946485043e-04
2.902857086155563593e-04
2.888136077672243118e-04
3.283961559645831585e-04
2.781131770461797714e-04
2.868525043595582247e-04
3.272344474680721760e-04
2.890429459512233734e-04
2.858274383470416069e-04
3.294957568868994713e-04
3.289021551609039307e-04
2.722793724387884140e-04
2.782763622235506773e-04
3.283626865595579147e-04
2.742377109825611115e-04
2.772586885839700699e-04
3.201118670403957367e-04
2.711908600758761168e-04
2.730339765548706055e-04
2.785900142043828964e-04
3.285087295807898045e-04
3.195522876922041178e-04
2.674950810614973307e-04
3.243371902499347925e-04
2.759397611953318119e-04
2.885681169573217630e-04
2.779634087346494198e-04
2.731671265792101622e-04
3.252275928389281034e-04
2.899079117923974991e-04
2.655688731465488672e-04
2.773870364762842655e-04
2.685939543880522251e-04
2.768202975858002901e-04
3.249755536671727896e-04
2.692099660634994507e-04
2.652807161211967468e-04
3.223605745006352663e-04
2.874705241993069649e-04
3.230583097320050001e-04
3.249895235057920218e-04
3.251261077821254730e-04
2.732164575718343258e-04
3.290681343059986830e-04
2.780732174869626760e-04
3.291587636340409517e-04
3.234004543628543615e-04
2.886198635678738356e-04
3.230507427360862494e-04
2.857894287444651127e-04
3.290266904514282942e-04
2.735918096732348204e-04
2.674879215192049742e-04
2.781535731628537178e-04
2.885654976125806570e-04
3.280213568359613419e-04
2.724559744819998741e-04
2.759202907327562571e-04
2.673646085895597935e-04
2.663897175807505846e-04
3.191915457136929035e-04
3.148406103719025850e-04
2.792750310618430376e-04
2.766945981420576572e-04
2.872794866561889648e-04
3.231154114473611116e-04
2.601313171908259392e-04
2.664250205270946026e-04
2.681978512555360794e-04
3.138411266263574362e-04
3.293946501798927784e-04
3.267365391366183758e-04
3.292983165010809898e-04
2.882039698306471109e-04
3.238318604417145252e-04
2.744265075307339430e-04
2.727218961808830500e-04
2.781769726425409317e-04
3.269171575084328651e-04
3.249983128625899553e-04
3.298934316262602806e-04
2.674546558409929276e-04
2.714330330491065979e-04
3.202709776815026999e-04
3.235570038668811321e-04
3.251607995480298996e-04
3.282015386503189802e-04
2.691492554731667042e-04
2.785704855341464281e-04
2.785447286441922188e-04
2.775973989628255367e-04
3.279735683463513851e-04
2.722622884903103113e-04
2.764478849712759256e-04
2.886329311877489090e-04
3.240034566260874271e-04
2.863490371964871883e-04
2.725244557950645685e-04
2.859830274246633053e-04
3.264665137976408005e-04
2.727745450101792812e-04
3.262066747993230820e-04
3.294802154414355755e-04
3.282573889009654522e-04
2.885028370656073093e-04
3.269161097705364227e-04
2.731164277065545321e-04
3.263965481892228127e-04
2.764127857517451048e-04
3.290284075774252415e-04
2.785449323710054159e-04
2.871222677640616894e-04
3.283096593804657459e-04
3.262101381551474333e-04
2.694436407182365656e-04
2.678014570847153664e-04
2.651989634614437819e-04
3.278431249782443047e-04
2.641664468683302402e-04
2.892944321502000093e-04
2.732445718720555305e-04
3.217062330804765224e-04
2.877282095141708851e-04
3.061185998376458883e-04
3.257323696743696928e-04
2.734878507908433676e-04
3.270550805609673262e-04
2.777751942630857229e-04
3.271432360634207726e-04
2.736757742241024971e-04
3.270751331001520157e-04
2.670306712388992310e-04
2.779935603030025959e-04
2.645495696924626827e-04
2.625976921990513802e-04
2.628793590702116489e-04
2.641246828716248274e-04
2.708091633394360542e-04
2.745322417467832565e-04
2.883315610233694315e-04
2.807929413393139839e-04
2.891084295697510242e-04
2.884915738832205534e-04
3.294571070000529289e-04
2.621641615405678749e-04
2.661712933331727982e-04
3.290816966909915209e-04
3.290768654551357031e-04
2.881562104448676109e-04
2.858816296793520451e-04
3.234639880247414112e-04
2.702363417483866215e-04
3.288176085334271193e-04
3.218661295250058174e-04
2.751043066382408142e-04
3.263630205765366554e-04
2.641378669068217278e-04
2.705554361455142498e-04
2.674924326129257679e-04
2.669377136044204235e-04
2.783402451314032078e-04
2.710155386012047529e-04
2.779191709123551846e-04
2.886423608288168907e-04
3.240718506276607513e-04
2.884767600335180759e-04
2.730584819801151752e-04
2.676055592019110918e-04
2.777469926513731480e-04
3.285136190243065357e-04
2.747064281720668077e-04
2.757630136329680681e-04
2.659051096998155117e-04
3.224236425012350082e-04
2.699416072573512793e-04
3.275904455222189426e-04
2.778899797704070807e-04
2.606774505693465471e-04
3.282303223386406898e-04
2.893295895773917437e-04
3.203114029020071030e-04
2.691842091735452414e-04
2.877232909668236971e-04
3.106933145318180323e-04
2.714590227697044611e-04
3.287115250714123249e-04
2.760370261967182159e-04
2.761258219834417105e-04
2.831389138009399176e-04
2.635633572936058044e-04
2.717325987759977579e-04
2.760953793767839670e-04
2.869397576432675123e-04
3.144629299640655518e-04
3.259396471548825502e-04
2.602403401397168636e-04
2.642993058543652296e-04
2.808395656757056713e-04
3.237591008655726910e-04
2.855635248124599457e-04
2.895727811846882105e-04
3.251692687626928091e-04
3.233373572584241629e-04
3.191370051354169846e-04
3.271307214163243771e-04
2.701625926420092583e-04
2.712099521886557341e-04
2.768565900623798370e-04
2.870454918593168259e-04
2.734680601861327887e-04
3.148851683363318443e-04
2.624420158099383116e-04
3.278731019236147404e-04
3.271413152106106281e-04
2.892505144700407982e-04
2.867965667974203825e-04
3.207903064321726561e-04
2.870047756005078554e-04
2.721643249969929457e-04
3.274632035754621029e-04
3.250209265388548374e-04
2.728120016399770975e-04
2.892266493290662766e-04
2.884137502405792475e-04
2.884908462874591351e-04
2.886560105253010988e-04
2.787215926218777895e-04
3.267425927333533764e-04
3.226176777388900518e-04
2.783385280054062605e-04
3.279571246821433306e-04
3.278671938460320234e-04
2.670082030817866325e-04
3.230642178095877171e-04
3.225977707188576460e-04
3.202520601917058229e-04
2.712684508878737688e-04
3.268430882599204779e-04
2.686007937882095575e-04
3.176964528393000364e-04
3.279040683992207050e-04
2.692736452445387840e-04
2.701641060411930084e-04
2.871319593396037817e-04
3.277133509982377291e-04
2.649204689078032970e-04
3.254770126659423113e-04
2.735192829277366400e-04
2.779436472337692976e-04
2.858210937120020390e-04
2.714318979997187853e-04
2.785497636068612337e-04
2.874369965866208076e-04
3.271647437941282988e-04
2.788166748359799385e-04
3.233546740375459194e-04
3.287337021902203560e-04
3.260625526309013367e-04
2.751407446339726448e-04
3.283938567619770765e-04
2.654677082318812609e-04
2.706804953049868345e-04
2.779823262244462967e-04
2.860421373043209314e-04
2.786526747513562441e-04
3.161659114994108677e-04
2.638726728036999702e-04
2.836784697137773037e-04
2.730315027292817831e-04
2.805812691804021597e-04
3.247192653361707926e-04
2.881932014133781195e-04
2.672210976015776396e-04
3.221211081836372614e-04
2.664680359885096550e-04
2.702095371205359697e-04
2.660068566910922527e-04
2.733407309278845787e-04
2.785321266856044531e-04
2.877163642551749945e-04
2.777746412903070450e-04
3.275947237852960825e-04
2.779816568363457918e-04
2.885636058636009693e-04
3.281275567132979631e-04
2.691877307370305061e-04
2.704859070945531130e-04
3.228582791052758694e-04
2.774038002826273441e-04
2.773480373434722424e-04
3.272107278462499380e-04
3.253507020417600870e-04
2.877181977964937687e-04
3.275760100223124027e-04
3.285906859673559666e-04
3.191500436514616013e-04
2.888837771024554968e-04
3.237605560570955276e-04
3.251428133808076382e-04
2.886602887883782387e-04
2.863456611521542072e-04
3.202091611456125975e-04
2.884385467041283846e-04
3.285471466369926929e-04
3.224065294489264488e-04
3.223157254979014397e-04
3.272674512118101120e-04
2.777733898255974054e-04
3.284468839410692453e-04
2.628429210744798183e-04
2.650473325047641993e-04
2.634728152770549059e-04
2.708793617784976959e-04
2.826156269293278456e-04
3.268370346631854773e-04
3.274086921010166407e-04
2.741164353210479021e-04
2.740738273132592440e-04
2.668434171937406063e-04
3.249750880058854818e-04
2.861220855265855789e-04
2.871867618523538113e-04
2.701675111893564463e-04
3.288570442236959934e-04
2.890301111619919538e-04
3.254089679103344679e-04
2.727290848270058632e-04
3.232804010622203350e-04
3.294157795608043671e-04
3.268364525865763426e-04
3.242576494812965393e-04
2.884549612645059824e-04
2.811820886563509703e-04
2.675763971637934446e-04
2.884500427171587944e-04
2.770853461697697639e-04
2.870043972507119179e-04
3.300355165265500546e-04
3.205299144610762596e-04
2.637022407725453377e-04
2.891999611165374517e-04
2.727147366385906935e-04
2.700268232729285955e-04
3.275568014942109585e-04
2.735748421400785446e-04
2.884703571908175945e-04
3.268090367782860994e-04
2.649599919095635414e-04
2.759410999715328217e-04
3.292076580692082644e-04
2.769907296169549227e-04
2.858986263163387775e-04
2.656995202414691448e-04
2.890127652790397406e-04
3.256998897995799780e-04
3.270995512139052153e-04
3.267941356170922518e-04
3.280875680502504110e-04
3.278407966718077660e-04
2.749424311332404613e-04
2.854414924513548613e-04
3.290575987193733454e-04
2.763977972790598869e-04
2.774664317257702351e-04
2.861894317902624607e-04
3.249746805522590876e-04
2.770471037365496159e-04
2.871801261790096760e-04
2.670738322194665670e-04
2.736835740506649017e-04
3.269805456511676311e-04
2.729793195612728596e-04
2.745667297858744860e-04
3.229589201509952545e-04
2.890891628339886665e-04
2.711307024583220482e-04
2.875995996873825788e-04
2.780335489660501480e-04
3.244171675760298967e-04
2.870842872653156519e-04
2.638204023241996765e-04
2.646602224558591843e-04
3.252909227740019560e-04
2.883530396502465010e-04
3.266778367105871439e-04
2.673969720490276814e-04
2.893503406085073948e-04
3.161329368595033884e-04
2.892291813623160124e-04
3.288099542260169983e-04
3.224504762329161167e-04
3.269258304499089718e-04
3.147468669340014458e-04
3.242433886043727398e-04
2.769745769910514355e-04
2.770117425825446844e-04
3.247154818382114172e-04
3.240430669393390417e-04
2.701693447306752205e-04
2.747361140791326761e-04
2.731496933847665787e-04
2.742839860729873180e-04
2.717851020861417055e-04
3.215237229596823454e-04
2.781538933049887419e-04
2.778854104690253735e-04
2.885698631871491671e-04
3.284517733845859766e-04
3.247517743147909641e-04
3.281604731455445290e-04
3.267731226515024900e-04
2.767083642538636923e-04
2.894221397582441568e-04
3.293291083537042141e-04
2.766615361906588078e-04
3.195645986124873161e-04
3.206224064342677593e-04
2.865824208129197359e-04
2.881730324588716030e-04
2.790501166600733995e-04
2.865201095119118690e-04
3.253972681704908609e-04
2.876185462810099125e-04
3.215171454939991236e-04
2.776390756480395794e-04
2.880817337427288294e-04
3.254377224948257208e-04
2.848827862180769444e-04
2.645240165293216705e-04
2.822052047122269869e-04
3.085939388256520033e-04
2.698968164622783661e-04
2.799718640744686127e-04
3.206493274774402380e-04
3.266935818828642368e-04
2.700345357879996300e-04
3.241637896280735731e-04
2.877639490179717541e-04
2.659472520463168621e-04
3.277758078183978796e-04
2.842419198714196682e-04
2.871865290217101574e-04
2.876333892345428467e-04
2.772992884274572134e-04
2.714259317144751549e-04
2.885518479160964489e-04
3.274915507063269615e-04
3.285015409346669912e-04
2.652085095178335905e-04
2.873475023079663515e-04
3.208950802218168974e-04
2.785302640404552221e-04
2.790087601169943810e-04
2.692558919079601765e-04
3.235310141462832689e-04
2.883374982047826052e-04
3.244218823965638876e-04
2.722106291912496090e-04
2.728151448536664248e-04
2.685615327209234238e-04
2.858318330254405737e-04
2.673028211575001478e-04
3.272219910286366940e-04
2.733632281888276339e-04
2.779434726107865572e-04
2.869807940442115068e-04
2.586167247500270605e-04
2.728804829530417919e-04
2.672974369488656521e-04
2.909145259764045477e-04
2.935702214017510414e-04
2.781501098070293665e-04
2.646544016897678375e-04
2.734217268880456686e-04
2.695607254281640053e-04
3.249466826673597097e-04
2.723184879869222641e-04
2.697925083339214325e-04
2.687590895220637321e-04
2.783719392027705908e-04
2.709094842430204153e-04
3.251992166042327881e-04
2.732298453338444233e-04
2.887856098823249340e-04
2.885673602577298880e-04
2.757720649242401123e-04
2.791287843137979507e-04
2.758360642474144697e-04
2.729593834374099970e-04
2.868586452677845955e-04
3.205582033842802048e-04
3.273705369792878628e-04
2.893362834583967924e-04
2.763724187389016151e-04
3.272394242230802774e-04
2.784367825370281935e-04
2.785815449897199869e-04
3.226284752599895000e-04
2.662729239091277122e-04
2.763278025668114424e-04
2.876575163099914789e-04
3.257144126109778881e-04
2.749250270426273346e-04
2.839910739567130804e-04
2.900760446209460497e-04
2.778604102786630392e-04
3.258734359405934811e-04
2.765542303677648306e-04
2.884725690819323063e-04
2.782800584100186825e-04
3.267452120780944824e-04
3.259790828451514244e-04
2.768675039988011122e-04
2.733807777985930443e-04
2.754896704573184252e-04
3.221823426429182291e-04
2.848686999641358852e-04
3.189139242749661207e-04
3.201615181751549244e-04
3.231575828976929188e-04
3.291981993243098259e-04
2.859810774680227041e-04
2.859882079064846039e-04
2.767731784842908382e-04
2.770840073935687542e-04
3.278179501648992300e-04
2.763818483799695969e-04
3.251467423979192972e-04
2.860133536159992218e-04
3.264348197262734175e-04
3.154063015244901180e-04
3.205231332685798407e-04
3.151563578285276890e-04
2.674567513167858124e-04
2.779811620712280273e-04
2.853500191122293472e-04
3.146879025734961033e-04
2.713458670768886805e-04
3.264503611717373133e-04
3.226262342650443316e-04
3.277389041613787413e-04
2.878282393794506788e-04
3.266931744292378426e-04
2.769597922451794147e-04
3.179593768436461687e-04
2.730631094891577959e-04
2.881722757592797279e-04
2.676139993127435446e-04
3.268446016591042280e-04
2.775096509139984846e-04
2.883534762077033520e-04
3.254190378356724977e-04
2.773822634480893612e-04
2.862968249246478081e-04
2.782343945000320673e-04
2.749023260548710823e-04
3.283644036855548620e-04
2.785208926070481539e-04
2.879363019019365311e-04
3.272161702625453472e-04
2.783071540761739016e-04
2.833477919921278954e-04
3.261431411374360323e-04
2.767188416328281164e-04
2.862349501810967922e-04
2.869469753932207823e-04
2.727566170506179333e-04
3.287934523541480303e-04
2.695711737032979727e-04
2.725777158048003912e-04
3.269972512498497963e-04
3.207772388122975826e-04
2.860018867067992687e-04
3.252418246120214462e-04
2.762225340120494366e-04
3.261470701545476913e-04
2.721803903114050627e-04
3.187964321114122868e-04
3.282926045358181000e-04
3.283560508862137794e-04
2.760295174084603786e-04
3.234304022043943405e-04
3.220932849217206240e-04
2.811929734889417887e-04
2.593475801404565573e-04
2.755362947937101126e-04
3.262429963797330856e-04
3.270341258030384779e-04
3.240169899072498083e-04
2.656059805303812027e-04
2.857228973880410194e-04
3.247102722525596619e-04
3.249468863941729069e-04
3.188201517332345247e-04
2.745737147051841021e-04
3.291233733762055635e-04
2.896400692407041788e-04
3.215720353182405233e-04
2.761165087576955557e-04
3.170501440763473511e-04
2.702118072193115950e-04
2.850120363291352987e-04
3.268443397246301174e-04
3.254073671996593475e-04
3.226882545277476311e-04
3.245208354201167822e-04
2.684880455490201712e-04
2.873851044569164515e-04
2.869323943741619587e-04
3.258960496168583632e-04
2.693376736715435982e-04
3.272368339821696281e-04
3.277578798588365316e-04
3.232634917367249727e-04
3.280215023551136255e-04
2.659038582351058722e-04
2.692934649530798197e-04
3.264966944698244333e-04
2.699584001675248146e-04
2.666314539965242147e-04
2.671679540071636438e-04
3.221632796339690685e-04
2.869649906642735004e-04
2.783063391689211130e-04
3.283164696767926216e-04
2.673669951036572456e-04
2.789341378957033157e-04
2.690978290047496557e-04
2.630365197546780109e-04
2.652138646226376295e-04
2.646099310368299484e-04
2.734689915087074041e-04
2.691767294891178608e-04
2.654347335919737816e-04
2.882772241719067097e-04
3.163219953421503305e-04
2.815194020513445139e-04
3.287647850811481476e-04
2.742847427725791931e-04
2.851127064786851406e-04
2.624810440465807915e-04
3.276113129686564207e-04
3.236939955968409777e-04
3.284449339844286442e-04
3.250782028771936893e-04
2.753197331912815571e-04
3.293642657808959484e-04
3.213417367078363895e-04
2.759541093837469816e-04
2.871101605705916882e-04
2.750087878666818142e-04
3.269274893682450056e-04
3.262141835875809193e-04
2.741928619798272848e-04
2.769634593278169632e-04
2.714770380407571793e-04
2.877307415474206209e-04
3.219339123461395502e-04
3.295395290479063988e-04
2.786366676446050406e-04
2.657895383890718222e-04
2.726897946558892727e-04
3.282013058196753263e-04
2.778739435598254204e-04
2.779539499897509813e-04
2.865752321667969227e-04
3.167323302477598190e-04
2.840434899553656578e-04
2.869588788598775864e-04
3.277022624388337135e-04
2.770308346953243017e-04
3.262053360231220722e-04
2.904809662140905857e-04
3.151560085825622082e-04
2.842258836608380079e-04
3.276776988059282303e-04
2.753169101197272539e-04
2.677352749742567539e-04
3.177603648509830236e-04
3.268501313868910074e-04
3.277620999142527580e-04
3.269739390816539526e-04
2.775330503936856985e-04
2.625019697006791830e-04
3.271109890192747116e-04
2.688787644729018211e-04
3.228859277442097664e-04
2.782532828859984875e-04
3.138383617624640465e-04
2.680233446881175041e-04
2.890717005357146263e-04
3.243714745622128248e-04
2.783678064588457346e-04
2.859096857719123363e-04
2.756803296506404877e-04
2.866428403649479151e-04
3.278655931353569031e-04
2.756066387519240379e-04
3.284985432401299477e-04
3.206951951142400503e-04
2.904905122704803944e-04
2.746455138549208641e-04
2.749008999671787024e-04
2.783078816719353199e-04
2.758183109108358622e-04
2.763937809504568577e-04
3.264824044890701771e-04
2.740290365181863308e-04
2.886079309973865747e-04
3.256229392718523741e-04
3.256640338804572821e-04
3.268605505581945181e-04
3.235639305785298347e-04
3.278736257925629616e-04
2.768420672509819269e-04
2.850295859389007092e-04
3.259279183112084866e-04
2.770270220935344696e-04
2.889805764425545931e-04
2.863318950403481722e-04
2.723805082496255636e-04
2.884606656152755022e-04
3.253689210396260023e-04
2.755429595708847046e-04
3.217397315893322229e-04
3.288955776952207088e-04
2.697057498153299093e-04
3.282209800090640783e-04
2.784345706459134817e-04
2.881201507989317179e-04
2.832387399394065142e-04
2.758480841293931007e-04
3.238651261199265718e-04
2.865034912247210741e-04
2.895737416110932827e-04
3.261216043028980494e-04
2.845874987542629242e-04
3.275687049608677626e-04
2.686936059035360813e-04
3.270201268605887890e-04
3.264972183387726545e-04
2.766769030131399632e-04
3.295766946393996477e-04
2.876278595067560673e-04
3.266904968768358231e-04
3.239609359297901392e-04
2.783001691568642855e-04
2.856316277757287025e-04
3.285394923295825720e-04
2.730267879087477922e-04
2.766836551018059254e-04
2.833710750564932823e-04
3.293592308182269335e-04
2.787960693240165710e-04
3.245079424232244492e-04
3.221048391424119473e-04
2.783400705084204674e-04
2.886198344640433788e-04
2.814127947203814983e-04
2.775362518150359392e-04
2.879259118344634771e-04
2.801957889460027218e-04
2.728683466557413340e-04
2.735301095526665449e-04
3.290382155682891607e-04
2.672538976185023785e-04
3.218991041649132967e-04
3.254822513554245234e-04
2.758328337222337723e-04
2.799451467581093311e-04
2.831240126397460699e-04
3.221137449145317078e-04
3.174025041516870260e-04
2.755020977929234505e-04
2.809494035318493843e-04
3.252896422054618597e-04
2.855147176887840033e-04
2.725785889197140932e-04
3.255996562074869871e-04
2.729396510403603315e-04
2.857052604667842388e-04
2.885216090362519026e-04
2.762048097793012857e-04
2.768602862488478422e-04
2.747988910414278507e-04
3.246064879931509495e-04
3.256840864196419716e-04
3.238363424316048622e-04
2.881396794691681862e-04
2.889535680878907442e-04
2.860319509636610746e-04
3.198942285962402821e-04
3.274017071817070246e-04
2.881098189391195774e-04
3.254869952797889709e-04
2.728886029217392206e-04
2.884904679376631975e-04
2.619399747345596552e-04
3.233552852179855108e-04
3.210860304534435272e-04
3.228935820516198874e-04
2.753775625023990870e-04
3.012102097272872925e-04
3.236838965676724911e-04
3.259845252614468336e-04
2.883228880818933249e-04
3.283666446805000305e-04
2.898642269428819418e-04
2.890927135013043880e-04
3.262103127781301737e-04
2.626007772050797939e-04
2.683742786757647991e-04
2.854737103916704655e-04
2.880157844629138708e-04
2.862767141778022051e-04
2.869539894163608551e-04
2.881306281778961420e-04
2.891023468691855669e-04
2.675676369108259678e-04
2.735180896706879139e-04
3.264785627834498882e-04
2.887567970901727676e-04
3.287440049462020397e-04
2.852781617548316717e-04
2.680738107301294804e-04
2.752300642896443605e-04
3.257493663113564253e-04
2.880619722418487072e-04
2.874092897400259972e-04
2.841855166479945183e-04
2.765226527117192745e-04
3.241676022298634052e-04
3.225094114895910025e-04
3.257777134422212839e-04
2.762645890470594168e-04
3.266137791797518730e-04
2.661050530150532722e-04
2.721224445849657059e-04
2.726022794377058744e-04
2.854662016034126282e-04
3.269383742008358240e-04
2.881187538150697947e-04
2.875157224480062723e-04
2.880328102037310600e-04
3.298467199783772230e-04
2.781404764391481876e-04
2.891376789193600416e-04
2.732337452471256256e-04
2.838759683072566986e-04
3.293960762675851583e-04
2.756465401034802198e-04
3.264730912633240223e-04
2.782774099614471197e-04
2.786228433251380920e-04
2.777884656097739935e-04
2.606327179819345474e-04
3.281158860772848129e-04
3.259278892073780298e-04
2.644018095452338457e-04
3.169848350808024406e-04
2.891501644626259804e-04
3.270050801802426577e-04
3.278625372331589460e-04
3.284004051238298416e-04
3.267618594691157341e-04
3.269257140345871449e-04
3.283286932855844498e-04
3.246222913730889559e-04
2.666987711563706398e-04
3.284696431364864111e-04
3.286372229922562838e-04
2.740117488428950310e-04
3.146650560665875673e-04
3.261714882683008909e-04
2.774636086542159319e-04
3.264390979893505573e-04
2.889876777771860361e-04
2.731889253482222557e-04
3.280032833572477102e-04
3.215643228031694889e-04
3.236186748836189508e-04
3.282448742538690567e-04
3.252199385315179825e-04
3.276239149272441864e-04
3.258976794313639402e-04
3.259213699493557215e-04
3.161502536386251450e-04
3.268130822107195854e-04
3.281393146608024836e-04
3.273432375863194466e-04
2.605623449198901653e-04
3.270118904765695333e-04
3.265445411670953035e-04
3.293773042969405651e-04
2.868177834898233414e-04
3.270414599683135748e-04
2.688856038730591536e-04
2.877347869798541069e-04
3.270515881013125181e-04
3.176001773681491613e-04
3.262262034695595503e-04
3.282125981058925390e-04
3.270884917583316565e-04
2.881326654460281134e-04
2.881401160266250372e-04
3.280621895100921392e-04
3.243873361498117447e-04
2.725331578403711319e-04
2.832218888215720654e-04
3.271026362199336290e-04
3.237453638575971127e-04
3.267824358772486448e-04
3.271908499300479889e-04
2.703719073906540871e-04
3.268607251811772585e-04
2.865045098587870598e-04
2.857733925338834524e-04
2.867702569346874952e-04
2.784082025755196810e-04
2.848266158252954483e-04
2.619210281409323215e-04
2.892189950216561556e-04
2.604440669529139996e-04
3.291765169706195593e-04
2.885490248445421457e-04
2.632348332554101944e-04
2.863958652596920729e-04
2.637025900185108185e-04
2.762417425401508808e-04
2.628020010888576508e-04
2.737240574788302183e-04
2.599100116640329361e-04
2.596849808469414711e-04
3.273753100074827671e-04
2.665634965524077415e-04
2.691269328352063894e-04
2.874178462661802769e-04
2.786514232866466045e-04
2.640326565597206354e-04
3.254806215409189463e-04
2.621958265081048012e-04
3.186994290444999933e-04
3.297186340205371380e-04
2.599046565592288971e-04
3.263571998104453087e-04
2.687186060938984156e-04
2.604247711133211851e-04
2.705451915971934795e-04
2.609898801892995834e-04
3.262581885792315006e-04
3.235037438571453094e-04
3.270603774581104517e-04
2.784350654110312462e-04
3.233432944398373365e-04
2.726014063227921724e-04
2.772985608316957951e-04
2.651548129506409168e-04
3.261001547798514366e-04
2.629366354085505009e-04
2.870352182071655989e-04
2.787642297334969044e-04
2.672226401045918465e-04
2.873898192774504423e-04
3.139414184261113405e-04
3.287502040620893240e-04
2.750635903794318438e-04
2.871922042686492205e-04
2.674700517673045397e-04
2.772506850305944681e-04
2.897997619584202766e-04
2.637797442730516195e-04
2.652580151334404945e-04
3.257965436205267906e-04
3.256172640249133110e-04
3.289483138360083103e-04
2.866526192519813776e-04
3.295318456366658211e-04
3.275921626482158899e-04
3.284701961092650890e-04
2.661691105458885431e-04
3.233338065911084414e-04
2.869985473807901144e-04
2.875398204196244478e-04
2.625118650030344725e-04
2.710497938096523285e-04
2.860253443941473961e-04
2.670847461558878422e-04
3.193525189999490976e-04
3.253967443015426397e-04
2.614731492940336466e-04
2.618584840092808008e-04
2.692616835702210665e-04
2.683542552404105663e-04
2.763701486401259899e-04
2.893388154916465282e-04
3.271450405009090900e-04
3.208738344255834818e-04
2.863153931684792042e-04
3.285685379523783922e-04
2.620374434627592564e-04
2.696560404729098082e-04
2.666768559720367193e-04
3.229193680454045534e-04
3.159436746500432491e-04
2.646126376930624247e-04
3.286435676272958517e-04
3.250434529036283493e-04
3.281063982285559177e-04
2.775899774860590696e-04
3.275147755630314350e-04
2.721010532695800066e-04
3.284990380052477121e-04
2.866399881895631552e-04
3.228779532946646214e-04
2.782773517537862062e-04
3.290465974714607000e-04
3.275185299571603537e-04
3.284213889855891466e-04
3.208627167623490095e-04
2.657169825397431850e-04
2.635188284330070019e-04
3.273645997978746891e-04
2.864415000658482313e-04
2.773371816147118807e-04
3.256467753089964390e-04
2.678321034181863070e-04
3.263134276494383812e-04
3.231547889299690723e-04
2.865770657081156969e-04
3.284296835772693157e-04
3.284362901467829943e-04
3.150474221911281347e-04
3.142325149383395910e-04
2.669089881237596273e-04
2.687949454411864281e-04
2.763412194326519966e-04
2.644219202920794487e-04
2.614246623124927282e-04
2.886306028813123703e-04
2.633357653394341469e-04
2.880999527405947447e-04
2.658200683072209358e-04
2.641044848132878542e-04
2.735255111474543810e-04
2.775398897938430309e-04
2.658302837517112494e-04
2.638776495587080717e-04
3.284678095951676369e-04
2.824355324264615774e-04
2.873086195904761553e-04
3.059578884858638048e-04
2.688669483177363873e-04
3.288838197477161884e-04
3.148420655634254217e-04
2.780722861643880606e-04
2.871551550924777985e-04
2.698659081943333149e-04
3.268792352173477411e-04
3.228840942028909922e-04
2.889400057028979063e-04
3.220429352950304747e-04
2.880847605410963297e-04
2.779349451884627342e-04
2.865081769414246082e-04
2.886057482101023197e-04
2.760394127108156681e-04
2.880971878767013550e-04
2.701763296499848366e-04
2.816614287439733744e-04
2.736808091867715120e-04
3.215440956410020590e-04
3.249002620577812195e-04
2.856407954823225737e-04
2.789320715237408876e-04
2.775187022052705288e-04
2.887659939005970955e-04
2.733479195740073919e-04
2.788877754937857389e-04
2.779053174890577793e-04
2.606624329928308725e-04
3.204217064194381237e-04
2.782268857117742300e-04
2.721624914556741714e-04
2.876591752283275127e-04
3.260544035583734512e-04
3.293552726972848177e-04
2.714490983635187149e-04
2.782027877401560545e-04
2.781276125460863113e-04
3.276365168858319521e-04
3.255055926274508238e-04
3.304151759948581457e-04
3.229006542824208736e-04
2.661745820660144091e-04
3.287291037850081921e-04
3.266548155806958675e-04
2.774499007500708103e-04
3.279929223936051130e-04
3.280701639596372843e-04
2.848485892172902822e-04
2.874583587981760502e-04
2.728785038925707340e-04
3.224372630938887596e-04
3.250042500440031290e-04
3.230679139960557222e-04
3.291512839496135712e-04
2.882596163544803858e-04
3.287367289885878563e-04
2.876141807064414024e-04
2.865186834242194891e-04
2.624175103846937418e-04
2.882028347812592983e-04
2.741971984505653381e-04
2.759493945632129908e-04
3.286785213276743889e-04
2.715623122639954090e-04
2.719988697208464146e-04
2.738768525887280703e-04
2.876257640309631824e-04
2.779667556751519442e-04
3.257082425989210606e-04
3.260426747146993876e-04
2.731776330620050430e-04
2.730236155912280083e-04
2.760869683697819710e-04
2.880432875826954842e-04
2.756263129413127899e-04
2.782442898023873568e-04
3.188972768839448690e-04
2.877774822991341352e-04
2.636968274600803852e-04
3.300152893643826246e-04
2.746853569988161325e-04
2.671410329639911652e-04
2.857369836419820786e-04
3.274366026744246483e-04
2.780065697152167559e-04
3.277864598203450441e-04
3.086241194978356361e-04
2.703053760342299938e-04
2.733152941800653934e-04
2.677899901755154133e-04
3.091015096288174391e-04
2.719797776080667973e-04
2.881783293560147285e-04
2.881430264096707106e-04
3.274044429417699575e-04
2.731034473981708288e-04
2.754775341600179672e-04
2.888417511712759733e-04
2.849975717253983021e-04
2.702320925891399384e-04
2.700113982427865267e-04
2.819721703417599201e-04
2.775836037471890450e-04
2.891328185796737671e-04
2.725069934967905283e-04
2.691127010621130466e-04
2.770540886558592319e-04
2.862676919903606176e-04
2.674561983440071344e-04
3.224488464184105396e-04
2.785127144306898117e-04
2.900130348280072212e-04
2.768746053334325552e-04
2.675537543836981058e-04
3.238146600779145956e-04
2.888710587285459042e-04
2.760947973001748323e-04
2.771533036138862371e-04
2.835774503182619810e-04
3.288801817689090967e-04
3.242516540922224522e-04
3.269044100306928158e-04
3.286594292148947716e-04
3.277600917499512434e-04
2.628308138810098171e-04
2.761700598057359457e-04
2.779035130515694618e-04
2.705369552131742239e-04
2.719331823755055666e-04
2.588274073787033558e-04
2.660048194229602814e-04
3.282952820882201195e-04
2.737817412707954645e-04
2.763785596471279860e-04
2.673925482667982578e-04
3.288254665676504374e-04
2.893163182307034731e-04
2.884191344492137432e-04
2.716222370509058237e-04
2.858791267499327660e-04
2.742675133049488068e-04
2.851395402103662491e-04
3.288237785454839468e-04
2.892409684136509895e-04
2.755508176051080227e-04
2.729732368607074022e-04
2.867844013962894678e-04
2.736774913500994444e-04
2.883827255573123693e-04
2.678314340300858021e-04
2.770683204289525747e-04
2.754256129264831543e-04
2.773130545392632484e-04
2.829279983416199684e-04
3.210666473023593426e-04
2.648583613336086273e-04
2.691622648853808641e-04
2.626165514811873436e-04
2.888363669626414776e-04
2.700293553061783314e-04
2.874199999496340752e-04
2.873284975066781044e-04
2.733909059315919876e-04
2.779081987682729959e-04
2.844811824616044760e-04
3.219114732928574085e-04
2.755931636784225702e-04
2.724263176787644625e-04
2.729707339312881231e-04
2.734430308919399977e-04
2.734829322434961796e-04
2.669429813977330923e-04
3.153648285660892725e-04
3.264508268330246210e-04
2.774164895527064800e-04
2.770452701952308416e-04
2.728097606450319290e-04
2.847336872946470976e-04
3.286116989329457283e-04
2.699964388739317656e-04
2.769185812212526798e-04
2.771788567770272493e-04
