2.820902445819228888e-04
2.885696012526750565e-04
2.866536960937082767e-04
2.860717067960649729e-04
2.887537411879748106e-04
2.836612402461469173e-04
2.839781227521598339e-04
2.855047932825982571e-04
2.875641803257167339e-04
2.800076908897608519e-04
3.032525710295885801e-04
2.780512731987982988e-04
2.799041394609957933e-04
2.857625659089535475e-04
3.045970224775373936e-04
2.797863853629678488e-04
3.079787420574575663e-04
2.793760795611888170e-04
3.043976030312478542e-04
2.925023727584630251e-04
2.799426729325205088e-04
2.849820593837648630e-04
2.916036755777895451e-04
2.789225545711815357e-04
3.225014661438763142e-04
2.918729442171752453e-04
3.137266321573406458e-04
3.065625496674329042e-04
3.037567948922514915e-04
3.047220525331795216e-04
2.791432780213654041e-04
2.961646532639861107e-04
3.040427691303193569e-04
2.792128652799874544e-04
2.896691730711609125e-04
2.955214586108922958e-04
3.033405810128897429e-04
2.797851047944277525e-04
2.819839864969253540e-04
2.794598403852432966e-04
2.849886659532785416e-04
3.226763219572603703e-04
2.964193990919739008e-04
3.046378260478377342e-04
2.792639425024390221e-04
2.806501579470932484e-04
2.860778477042913437e-04
3.054314875043928623e-04
2.842367975972592831e-04
3.049940860364586115e-04
2.899944956880062819e-04
2.878522500395774841e-04
3.147682582493871450e-04
2.872227632906287909e-04
2.834405750036239624e-04
2.949796617031097412e-04
3.191189607605338097e-04
2.940964186564087868e-04
2.797046618070453405e-04
2.862398396246135235e-04
2.823906543198972940e-04
2.858183579519391060e-04
2.846397692337632179e-04
2.827955177053809166e-04
2.786221157293766737e-04
2.794068714138120413e-04
3.342457348480820656e-04
2.800872607622295618e-04
2.922471903730183840e-04
2.882556873373687267e-04
2.929021138697862625e-04
2.862081164494156837e-04
2.896152727771550417e-04
2.941018319688737392e-04
2.835938066709786654e-04
3.051469684578478336e-04
2.824874827638268471e-04
2.863742411136627197e-04
3.054051485378295183e-04
2.798545465338975191e-04
2.817585191223770380e-04
2.919695689342916012e-04
2.954932278953492641e-04
3.046920173801481724e-04
2.797673223540186882e-04
2.981398429255932570e-04
2.889891038648784161e-04
2.795376640278846025e-04
3.055103879887610674e-04
2.947413595393300056e-04
3.061046591028571129e-04
2.821970847435295582e-04
2.907228481490164995e-04
2.937405952252447605e-04
2.926424494944512844e-04
2.902773558162152767e-04
2.868842275347560644e-04
2.919545222539454699e-04
3.086138749495148659e-04
3.069779195357114077e-04
2.794317260850220919e-04
2.800589136313647032e-04
2.828724391292780638e-04
2.802395611070096493e-04
3.086045908275991678e-04
2.822452515829354525e-04
2.889725437853485346e-04
3.134248254355043173e-04
2.799332723952829838e-04
3.212867595721036196e-04
2.808633726090192795e-04
2.877150254789739847e-04
2.792557643260806799e-04
2.880030078813433647e-04
2.800500951707363129e-04
2.793625462800264359e-04
2.800617949105799198e-04
2.933476644102483988e-04
3.067088837269693613e-04
2.941180719062685966e-04
2.793421153910458088e-04
2.851240569725632668e-04
2.854683261830359697e-04
2.797818742692470551e-04
2.938430116046220064e-04
2.922823478002101183e-04
2.872616169042885303e-04
2.823803224600851536e-04
2.869254967663437128e-04
2.947837929241359234e-04
3.005249891430139542e-04
2.794461906887590885e-04
2.849546144716441631e-04
2.797405759338289499e-04
3.045557532459497452e-04
3.042573807761073112e-04
2.841862151399254799e-04
3.103147901128977537e-04
2.926252491306513548e-04
3.041623567696660757e-04
3.046863712370395660e-04
2.843582478817552328e-04
2.795962500385940075e-04
3.144269576296210289e-04
2.800960501190274954e-04
2.924139262177050114e-04
2.817612257786095142e-04
3.050175728276371956e-04
2.794060565065592527e-04
2.797809720505028963e-04
2.867761068046092987e-04
2.796580374706536531e-04
2.791408332996070385e-04
2.885909925680607557e-04
2.945322485174983740e-04
2.968951303046196699e-04
3.010991786140948534e-04
2.791314909700304270e-04
3.096819564234465361e-04
2.799932262860238552e-04
2.884372079279273748e-04
2.943469444289803505e-04
2.948457258753478527e-04
2.846596180461347103e-04
3.303780104033648968e-04
3.077083674725145102e-04
3.137914172839373350e-04
3.321806725580245256e-04
2.802466042339801788e-04
2.837925276253372431e-04
2.858264197129756212e-04
2.797087654471397400e-04
2.876885992009192705e-04
2.801483205985277891e-04
2.884004497900605202e-04
2.798462228383868933e-04
2.890155301429331303e-04
2.799215144477784634e-04
2.864614652935415506e-04
2.800697984639555216e-04
2.863591362256556749e-04
2.835745690390467644e-04
2.901342522818595171e-04
2.959834819193929434e-04
2.797438064590096474e-04
2.913043135777115822e-04
3.047686186619102955e-04
2.794858592096716166e-04
3.046635247301310301e-04
2.865302376449108124e-04
2.795775944832712412e-04
2.884816494770348072e-04
2.917900274042040110e-04
2.795029140543192625e-04
2.916410739999264479e-04
2.793946478050202131e-04
2.808665449265390635e-04
2.824220864567905664e-04
2.798346686176955700e-04
3.048565995413810015e-04
3.053364926017820835e-04
2.798239002004265785e-04
2.817902131937444210e-04
3.046180936507880688e-04
2.819085784722119570e-04
2.877280057873576880e-04
2.807362179737538099e-04
2.821357629727572203e-04
2.931288036052137613e-04
2.956546959467232227e-04
2.875415957532823086e-04
3.076918656006455421e-04
2.830528537742793560e-04
3.058300353586673737e-04
2.796697663143277168e-04
3.063096664845943451e-04
2.952814102172851562e-04
3.050959785468876362e-04
2.796404005493968725e-04
3.161393979098647833e-04
2.858894295059144497e-04
2.800482034217566252e-04
2.802847302518785000e-04
2.792724117171019316e-04
2.797914785332977772e-04
2.938521793112158775e-04
3.161834902130067348e-04
2.813252503983676434e-04
3.076741122640669346e-04
3.057176654692739248e-04
2.845644776243716478e-04
2.956760872621089220e-04
2.795964537654072046e-04
2.849673910532146692e-04
2.801353693939745426e-04
2.935025549959391356e-04
2.902173728216439486e-04
2.966687025036662817e-04
3.056783752981573343e-04
2.948216279037296772e-04
2.983263693749904633e-04
2.884269051719456911e-04
2.912238414864987135e-04
2.942410937976092100e-04
2.793074527289718390e-04
2.879467501770704985e-04
2.791653387248516083e-04
3.087733639404177666e-04
2.801228547468781471e-04
2.868166193366050720e-04
2.804000978358089924e-04
3.041158197447657585e-04
3.054804110433906317e-04
2.983042213600128889e-04
3.078300505876541138e-04
2.872117329388856888e-04
3.037974820472300053e-04
2.924364525824785233e-04
2.872995974030345678e-04
2.796932822093367577e-04
2.918193058576434851e-04
2.919499238487333059e-04
2.799116482492536306e-04
2.799444773700088263e-04
2.880606625694781542e-04
3.055437118746340275e-04
3.068706137128174305e-04
3.120038309134542942e-04
2.795145846903324127e-04
3.147595562040805817e-04
2.856447244994342327e-04
3.133997961413115263e-04
3.045393095817416906e-04
2.922387502621859312e-04
2.799522480927407742e-04
2.943959261756390333e-04
2.918157551903277636e-04
3.048534563276916742e-04
2.938696416094899178e-04
3.045278717763721943e-04
2.822233363986015320e-04
2.881975378841161728e-04
2.829385339282453060e-04
2.923106076195836067e-04
3.114454157184809446e-04
2.965329913422465324e-04
3.043466713279485703e-04
2.795163891278207302e-04
2.799556823447346687e-04
2.800460206344723701e-04
2.799123758450150490e-04
2.798347850330173969e-04
3.044530167244374752e-04
2.796688058879226446e-04
2.974989765789359808e-04
2.809706784319132566e-04
3.031466621905565262e-04
2.785215910989791155e-04
2.881967811845242977e-04
2.955562958959490061e-04
2.799375506583601236e-04
2.915542281698435545e-04
2.947922039311379194e-04
3.026361227966845036e-04
2.885733847506344318e-04
2.798726782202720642e-04
3.171791031491011381e-04
2.883097913581877947e-04
2.798642963171005249e-04
2.936317468993365765e-04
2.800174406729638577e-04
2.928401227109134197e-04
2.893854107242077589e-04
2.825866686180233955e-04
2.925111330114305019e-04
2.796551561914384365e-04
2.859508094843477011e-04
2.921430859714746475e-04
3.050039522349834442e-04
3.025271871592849493e-04
3.111788828391581774e-04
2.800691290758550167e-04
3.138636238873004913e-04
3.025003825314342976e-04
3.195433819200843573e-04
2.810615696944296360e-04
2.901089610531926155e-04
3.054203407373279333e-04
3.066789940930902958e-04
3.053878026548773050e-04
3.114457940682768822e-04
3.020256699528545141e-04
3.026657795999199152e-04
2.928518806584179401e-04
2.886787115130573511e-04
3.178020997438579798e-04
2.900626859627664089e-04
2.800468937493860722e-04
3.205350367352366447e-04
3.124401846434921026e-04
2.800145011860877275e-04
2.922677085734903812e-04
2.848474832717329264e-04
2.798534405883401632e-04
3.108804230578243732e-04
2.819993533194065094e-04
2.922491985373198986e-04
2.794135070871561766e-04
2.941049751825630665e-04
2.926454762928187847e-04
2.796562621369957924e-04
2.830789308063685894e-04
2.917243691626936197e-04
2.798960194922983646e-04
2.835548948496580124e-04
2.798229106701910496e-04
2.840347588062286377e-04
3.183129301760345697e-04
2.926502493210136890e-04
2.956685493700206280e-04
3.042063035536557436e-04
2.793926687445491552e-04
2.797466586343944073e-04
2.936958917416632175e-04
2.920802799053490162e-04
3.055047127418220043e-04
2.928610192611813545e-04
2.798374334815889597e-04
2.858710067812353373e-04
2.800825168378651142e-04
3.132244746666401625e-04
2.801692171487957239e-04
2.839104854501783848e-04
2.843232068698853254e-04
2.851837489288300276e-04
3.046839556191116571e-04
2.791559963952749968e-04
2.791223523672670126e-04
2.977032272610813379e-04
3.047792997676879168e-04
3.041999007109552622e-04
3.052634419873356819e-04
2.936272940132766962e-04
2.936506061814725399e-04
2.863126574084162712e-04
2.959208213724195957e-04
2.831955789588391781e-04
2.906025329139083624e-04
2.797847846522927284e-04
3.187566762790083885e-04
2.830030571203678846e-04
2.817791246343404055e-04
2.798994246404618025e-04
2.817032218445092440e-04
2.944844891317188740e-04
2.871087926905602217e-04
3.043554024770855904e-04
2.850340097211301327e-04
3.047974896617233753e-04
2.893197815865278244e-04
3.022234013769775629e-04
2.939534897450357676e-04
3.043493197765201330e-04
2.816735068336129189e-04
2.825385599862784147e-04
2.794451429508626461e-04
2.940687700174748898e-04
2.800577203743159771e-04
2.880319661926478148e-04
2.799782087095081806e-04
3.191991418134421110e-04
2.800234360620379448e-04
3.168595430906862020e-04
2.941651619039475918e-04
2.791106235235929489e-04
3.042788885068148375e-04
2.795186301227658987e-04
2.817472850438207388e-04
2.804069954436272383e-04
2.850720484275370836e-04
2.833353064488619566e-04
2.835635677911341190e-04
2.859689702745527029e-04
2.843535621650516987e-04
2.846148854587227106e-04
2.840205561369657516e-04
2.861992106772959232e-04
2.855036000255495310e-04
2.895944635383784771e-04
2.888251910917460918e-04
2.906826848629862070e-04
2.935187367256730795e-04
3.029794897884130478e-04
2.764555392786860466e-04
2.889428287744522095e-04
2.808771969284862280e-04
2.813418104778975248e-04
2.813086030073463917e-04
2.812189632095396519e-04
2.798906934913247824e-04
2.872307959478348494e-04
2.800271031446754932e-04
2.806472184602171183e-04
2.890211762860417366e-04
2.821180096361786127e-04
2.876230573747307062e-04
2.901888801716268063e-04
2.872251207008957863e-04
2.880622050724923611e-04
2.811213489621877670e-04
2.812697202898561954e-04
2.958212280645966530e-04
2.820635272655636072e-04
2.856295614037662745e-04
2.812095335684716702e-04
2.820077352225780487e-04
2.824849216267466545e-04
2.835129853338003159e-04
2.853093901649117470e-04
2.838734362740069628e-04
2.824784314725548029e-04
2.830619050655514002e-04
2.836443309206515551e-04
2.856884384527802467e-04
2.858069492504000664e-04
2.867189759854227304e-04
2.891057811211794615e-04
3.012515953741967678e-04
2.996405528392642736e-04
2.745403035078197718e-04
2.894523204304277897e-04
2.864712732844054699e-04
2.971351786982268095e-04
2.858820953406393528e-04
2.801258815452456474e-04
3.048404760193079710e-04
2.799628418870270252e-04
2.990911016240715981e-04
2.799042267724871635e-04
2.884476853068917990e-04
3.022541641257703304e-04
2.789033460430800915e-04
2.950879279524087906e-04
2.921052509918808937e-04
2.870711905416101217e-04
2.798464556690305471e-04
2.884818532038480043e-04
2.986635954584926367e-04
2.796581538859754801e-04
3.159770858474075794e-04
3.104944771621376276e-04
2.888266753870993853e-04
2.942255523521453142e-04
2.867171133402734995e-04
3.119116590823978186e-04
2.804191317409276962e-04
3.124630020465701818e-04
3.092724073212593794e-04
2.849496086128056049e-04
2.974878880195319653e-04
2.913234347943216562e-04
2.872734621632844210e-04
2.946312597487121820e-04
2.946647000499069691e-04
2.989892673213034868e-04
3.057539579458534718e-04
2.917620877269655466e-04
2.912510535679757595e-04
2.797647321131080389e-04
2.973092778120189905e-04
2.800991933327168226e-04
2.889349707402288914e-04
2.800149086397141218e-04
2.964289742521941662e-04
3.044268232770264149e-04
2.793163585010915995e-04
3.458413411863148212e-04
2.950156631413847208e-04
2.894849458243697882e-04
2.958691038656979799e-04
2.865375136025249958e-04
2.807401178870350122e-04
2.825528208632022142e-04
2.815703337546437979e-04
2.827846619766205549e-04
2.817297936417162418e-04
2.843090915121138096e-04
2.817155327647924423e-04
2.820358204189687967e-04
2.815359330270439386e-04
2.849203010555356741e-04
2.867531438823789358e-04
2.850402088370174170e-04
2.854134363587945700e-04
2.871239266823977232e-04
3.000844153575599194e-04
2.765353128779679537e-04
2.812657330650836229e-04
3.013216482941061258e-04
2.823215618263930082e-04
2.828582655638456345e-04
2.839689841493964195e-04
2.808505669236183167e-04
2.798344066832214594e-04
3.089582605753093958e-04
2.799312351271510124e-04
3.048644866794347763e-04
3.220156067982316017e-04
3.327618469484150410e-04
2.884734421968460083e-04
2.860090171452611685e-04
2.893020573537796736e-04
2.832275349646806717e-04
2.793337916955351830e-04
3.043460892513394356e-04
2.797166525851935148e-04
2.972440852317959070e-04
2.798545174300670624e-04
2.892036573030054569e-04
2.848610456567257643e-04
2.800118236336857080e-04
2.861729881260544062e-04
2.913693897426128387e-04
2.901781117543578148e-04
2.998663403559476137e-04
2.820459194481372833e-04
2.815020270645618439e-04
3.074239939451217651e-04
3.103891212958842516e-04
2.996121475007385015e-04
3.084708587266504765e-04
3.228884015697985888e-04
2.840009983628988266e-04
2.800539659801870584e-04
2.803284733090549707e-04
2.849733282346278429e-04
2.827494463417679071e-04
2.927067107520997524e-04
2.840194210875779390e-04
2.796199114527553320e-04
2.845196868292987347e-04
3.041400341317057610e-04
2.888828166760504246e-04
2.869440359063446522e-04
3.224765241611748934e-04
2.867625735234469175e-04
2.800478541757911444e-04
3.041962045244872570e-04
2.793180465232580900e-04
3.048266225960105658e-04
2.874065248761326075e-04
2.896110818255692720e-04
2.946615568362176418e-04
2.964359882753342390e-04
3.051281382795423269e-04
2.929116017185151577e-04
2.790599246509373188e-04
2.964359591715037823e-04
3.045060730073601007e-04
2.792842569760978222e-04
2.794288739096373320e-04
2.797130146063864231e-04
2.936876844614744186e-04
3.032886306755244732e-04
2.818781067617237568e-04
2.863497938960790634e-04
2.961735881399363279e-04
2.816580526996403933e-04
2.963051083497703075e-04
2.903302083723247051e-04
2.796283224597573280e-04
3.005313337780535221e-04
2.795433683786541224e-04
2.900248800870031118e-04
2.920447732321918011e-04
2.891910844482481480e-04
2.937590761575847864e-04
2.895713259931653738e-04
3.045867197215557098e-04
2.799942740239202976e-04
3.051373932976275682e-04
3.050150407943874598e-04
3.069142985623329878e-04
2.874892670661211014e-04
2.886335714720189571e-04
2.800217771437019110e-04
2.925842418335378170e-04
2.790049766190350056e-04
2.923103165812790394e-04
3.057306457776576281e-04
2.909776230808347464e-04
3.033512039110064507e-04
2.897326485253870487e-04
3.073424159083515406e-04
2.874484052881598473e-04
2.798670902848243713e-04
3.042241733055561781e-04
3.046343335881829262e-04
2.848880249075591564e-04
2.931460039690136909e-04
2.800133079290390015e-04
2.882700064219534397e-04
2.830095181707292795e-04
2.877454680856317282e-04
2.802100207190960646e-04
3.044617478735744953e-04
3.044837503693997860e-04
2.795322216115891933e-04
2.963368315249681473e-04
3.038381692022085190e-04
2.895106445066630840e-04
2.795249165501445532e-04
2.795903710648417473e-04
2.855369530152529478e-04
2.803122042678296566e-04
3.103064082097262144e-04
2.826311683747917414e-04
2.792856248561292887e-04
2.796082990244030952e-04
2.924086584243923426e-04
2.892062475439161062e-04
2.796614135149866343e-04
2.862493565771728754e-04
2.931837225332856178e-04
2.955292875412851572e-04
3.042659664060920477e-04
2.782855008263140917e-04
2.928549947682768106e-04
2.798888890538364649e-04
2.846041461452841759e-04
2.797534689307212830e-04
2.797300112433731556e-04
3.048270009458065033e-04
3.042587486561387777e-04
2.899088431149721146e-04
2.795206382870674133e-04
2.921796985901892185e-04
2.800632501021027565e-04
2.799476787913590670e-04
2.901816333178430796e-04
2.848179137799888849e-04
2.846623829100281000e-04
3.058202855754643679e-04
2.865042188204824924e-04
2.922003623098134995e-04
3.028760838788002729e-04
2.872469485737383366e-04
2.793170860968530178e-04
2.903890272136777639e-04
2.798068162519484758e-04
2.883413108065724373e-04
2.829058503266423941e-04
2.865270944312214851e-04
2.863693516701459885e-04
2.795049513224512339e-04
3.104928764514625072e-04
3.051082312595099211e-04
2.798479399643838406e-04
2.883650304283946753e-04
2.922244893852621317e-04
3.053784603253006935e-04
2.800402289722114801e-04
2.980259014293551445e-04
2.833397302310913801e-04
2.797968918457627296e-04
2.798716304823756218e-04
2.818600914906710386e-04
3.034576948266476393e-04
2.792763116303831339e-04
3.037644491996616125e-04
2.973736554849892855e-04
2.801735245157033205e-04
3.055265988223254681e-04
3.066016652155667543e-04
2.797564375214278698e-04
2.798449713736772537e-04
3.072390973102301359e-04
2.925324079114943743e-04
2.794507308863103390e-04
2.798316709231585264e-04
2.951615315396338701e-04
3.151621494907885790e-04
2.943064318969845772e-04
2.872067561838775873e-04
3.091190301347523928e-04
3.036193083971738815e-04
2.800067595671862364e-04
2.856232458725571632e-04
2.797199122142046690e-04
2.798609784804284573e-04
2.794270694721490145e-04
2.815257175825536251e-04
2.853868063539266586e-04
3.160573833156377077e-04
2.880880783777683973e-04
2.801977971103042364e-04
2.796804183162748814e-04
2.911092888098210096e-04
2.790334110613912344e-04
2.799990179482847452e-04
2.868385636247694492e-04
3.080778988078236580e-04
3.059605951420962811e-04
2.979862911161035299e-04
2.941726124845445156e-04
2.832885074894875288e-04
2.905768633354455233e-04
2.882849075831472874e-04
3.236838965676724911e-04
2.800007641781121492e-04
2.945507876574993134e-04
2.985604805871844292e-04
2.970426576212048531e-04
2.797835622914135456e-04
2.798003260977566242e-04
2.799767826218158007e-04
2.799760841298848391e-04
2.853468758985400200e-04
2.796594344545155764e-04
2.919808030128479004e-04
2.993629605043679476e-04
2.885759167838841677e-04
3.099461318925023079e-04
2.839594380930066109e-04
2.797376364469528198e-04
2.805265248753130436e-04
3.048107319045811892e-04
2.828855940606445074e-04
3.084207128267735243e-04
2.798704081214964390e-04
3.041826712433248758e-04
2.881262334994971752e-04
2.791376900859177113e-04
3.043403266929090023e-04
2.799376670736819506e-04
2.890197210945188999e-04
2.976053510792553425e-04
2.798676141537725925e-04
3.033644170500338078e-04
2.800885413307696581e-04
3.188101400155574083e-04
2.950626658275723457e-04
2.799022477120161057e-04
2.797856868710368872e-04
2.900103572756052017e-04
3.053360269404947758e-04
2.879840321838855743e-04
2.931397757492959499e-04
3.165062807966023684e-04
3.058748843614012003e-04
3.238963254261761904e-04
3.037778078578412533e-04
3.050793602596968412e-04
2.799598150886595249e-04
2.802945964504033327e-04
3.050670784432440996e-04
2.860935346689075232e-04
2.801558293867856264e-04
3.054897824767976999e-04
3.041885793209075928e-04
2.796661283355206251e-04
2.894659119192510843e-04
2.992779191117733717e-04
3.058654547203332186e-04
2.880301617551594973e-04
2.835487830452620983e-04
2.802697417791932821e-04
3.246022679377347231e-04
2.964588638860732317e-04
2.869901945814490318e-04
2.960098499897867441e-04
2.936350938398391008e-04
2.948467445094138384e-04
3.043758042622357607e-04
2.786561381071805954e-04
2.840852248482406139e-04
3.054630360566079617e-04
3.212020674254745245e-04
3.039457660634070635e-04
2.798772766254842281e-04
2.801890077535063028e-04
2.849955926649272442e-04
3.062009927816689014e-04
2.798047498799860477e-04
2.822483947966247797e-04
2.799625508487224579e-04
3.144246875308454037e-04
2.803355746436864138e-04
2.926994638983160257e-04
2.920205879490822554e-04
2.794000320136547089e-04
2.868914452847093344e-04
2.842350513674318790e-04
2.800905785989016294e-04
3.201201616320759058e-04
2.799105131998658180e-04
2.857541549019515514e-04
2.801831287797540426e-04
2.812092716339975595e-04
2.809896250255405903e-04
2.979936834890395403e-04
2.848886651918292046e-04
3.048179205507040024e-04
2.823039249051362276e-04
2.844667760655283928e-04
2.798043133225291967e-04
2.884063869714736938e-04
3.121736808679997921e-04
2.792142040561884642e-04
2.924616856034845114e-04
3.074551059398800135e-04
2.819104120135307312e-04
2.794623142108321190e-04
2.971046778839081526e-04
3.061698516830801964e-04
3.045122139155864716e-04
2.796779735945165157e-04
2.988957567140460014e-04
3.066548961214721203e-04
2.847577561624348164e-04
2.863554400391876698e-04
3.101314068771898746e-04
2.804320247378200293e-04
2.872890909202396870e-04
3.036300186067819595e-04
2.797442139126360416e-04
2.886930014938116074e-04
2.796141488943248987e-04
3.010166110470890999e-04
3.051633248105645180e-04
3.186746616847813129e-04
3.111642436124384403e-04
3.285846323706209660e-04
2.802838862407952547e-04
2.864775597117841244e-04
2.966401516459882259e-04
2.877376100514084101e-04
3.051696403417736292e-04
2.883081615436822176e-04
2.799720678012818098e-04
2.919802791438996792e-04
3.043043252546340227e-04
3.020183066837489605e-04
2.833879552781581879e-04
2.922478597611188889e-04
2.801353111863136292e-04
2.802757371682673693e-04
3.009614592883735895e-04
3.045022313017398119e-04
2.792749146465212107e-04
2.918701502494513988e-04
2.797818160615861416e-04
2.826032578013837337e-04
2.988507912959903479e-04
2.794375468511134386e-04
2.794771862681955099e-04
2.869610907509922981e-04
2.872243640013039112e-04
2.929176844190806150e-04
3.053501714020967484e-04
3.459734434727579355e-04
2.782826195470988750e-04
2.802705275826156139e-04
2.953424118459224701e-04
3.035553090739995241e-04
3.054985427297651768e-04
2.963192237075418234e-04
2.871988399419933558e-04
2.959441044367849827e-04
2.959866251330822706e-04
3.050840459764003754e-04
2.862323599401861429e-04
3.036295529454946518e-04
2.793566673062741756e-04
2.931598573923110962e-04
2.914269571192562580e-04
2.799131034407764673e-04
3.190948627889156342e-04
3.052413230761885643e-04
3.060067829210311174e-04
3.169559931848198175e-04
3.056582645513117313e-04
3.042965254280716181e-04
2.791821898426860571e-04
2.910202892962843180e-04
2.918432292062789202e-04
3.047363716177642345e-04
2.788843412417918444e-04
2.887682639993727207e-04
2.799373760353773832e-04
2.872687473427504301e-04
2.934302610810846090e-04
2.796568733174353838e-04
3.043999895453453064e-04
2.959214325528591871e-04
3.042388998437672853e-04
3.137620515190064907e-04
2.855430066119879484e-04
3.149392723571509123e-04
2.799854555632919073e-04
3.069962840527296066e-04
2.930271439254283905e-04
2.796009939629584551e-04
2.931692288257181644e-04
2.926737652160227299e-04
2.801460796035826206e-04
2.799693611450493336e-04
2.794830652419477701e-04
2.850280143320560455e-04
2.797465713229030371e-04
2.888889866881072521e-04
3.169185947626829147e-04
2.835901104845106602e-04
3.045407065656036139e-04
2.859226369764655828e-04
2.801583614200353622e-04
2.797412162180989981e-04
2.799886278808116913e-04
2.799203502945601940e-04
2.799882495310157537e-04
2.796082990244030952e-04
3.210055001545697451e-04
2.974155358970165253e-04
2.791182487271726131e-04
2.961195423267781734e-04
3.047752543352544308e-04
2.800002403091639280e-04
2.792483137454837561e-04
2.883888082578778267e-04
3.127360541839152575e-04
2.795011969283223152e-04
2.958705008495599031e-04
3.108583041466772556e-04
2.817825879901647568e-04
2.880961983464658260e-04
3.251167654525488615e-04
2.842789108399301767e-04
2.798660425469279289e-04
2.876071957871317863e-04
2.803453535307198763e-04
2.803968964144587517e-04
3.157145984005182981e-04
2.930826740339398384e-04
3.058775037061423063e-04
2.908857131842523813e-04
2.931065973825752735e-04
3.193858137819916010e-04
3.240255755372345448e-04
3.342285926919430494e-04
2.843418333213776350e-04
2.857975196093320847e-04
3.054758708458393812e-04
2.851755416486412287e-04
2.799432259052991867e-04
2.799362700898200274e-04
2.914793440140783787e-04
2.952193608507514000e-04
3.064367047045379877e-04
2.956379321403801441e-04
2.798640343826264143e-04
2.791974693536758423e-04
2.801622613333165646e-04
3.052140236832201481e-04
2.800795482471585274e-04
2.867193252313882113e-04
2.839839144144207239e-04
3.048695798497647047e-04
2.838418877217918634e-04
2.797814377117902040e-04
2.800251531880348921e-04
2.966698084492236376e-04
2.796264307107776403e-04
2.791979059111326933e-04
3.041623567696660757e-04
2.790334692690521479e-04
2.843809779733419418e-04
2.800081565510481596e-04
2.797885390464216471e-04
3.092942934017628431e-04
2.799337380565702915e-04
2.967607870232313871e-04
2.799551584757864475e-04
3.049562510568648577e-04
2.795986947603523731e-04
2.790616126731038094e-04
2.908062015194445848e-04
3.041602030862122774e-04
2.898991806432604790e-04
2.795981999952346087e-04
3.046269994229078293e-04
3.044403274543583393e-04
2.924108412116765976e-04
2.934423682745546103e-04
3.032782697118818760e-04
2.797684574034065008e-04
2.793430758174508810e-04
2.921003324445337057e-04
2.935793309006839991e-04
2.943305007647722960e-04
3.053381515201181173e-04
2.947056200355291367e-04
2.800107758957892656e-04
3.065496275667101145e-04
3.233112802263349295e-04
2.797999477479606867e-04
2.867249422706663609e-04
3.049436490982770920e-04
2.790045400615781546e-04
2.916364464908838272e-04
2.872318436857312918e-04
2.927696623373776674e-04
2.795943873934447765e-04
2.958990517072379589e-04
2.930539194494485855e-04
2.822129172272980213e-04
2.798922650981694460e-04
2.934459480457007885e-04
3.100142930634319782e-04
3.133640566375106573e-04
2.797273627948015928e-04
3.161540953442454338e-04
2.823573304340243340e-04
2.971024659927934408e-04
3.047666978091001511e-04
2.923596766777336597e-04
2.797536144498735666e-04
2.921218401752412319e-04
2.799015201162546873e-04
2.799941867124289274e-04
2.819681540131568909e-04
3.063438343815505505e-04
3.047887585125863552e-04
3.183196240570396185e-04
3.187758848071098328e-04
2.919926482718437910e-04
2.921597333624958992e-04
2.796277694869786501e-04
3.040181763935834169e-04
3.047105565201491117e-04
2.797947963699698448e-04
2.925153821706771851e-04
2.902431588154286146e-04
2.800272195599973202e-04
2.795903128571808338e-04
2.923224237747490406e-04
2.837145002558827400e-04
2.925123262684792280e-04
2.849724551197141409e-04
2.882432600017637014e-04
2.794023603200912476e-04
2.796712797135114670e-04
3.045951016247272491e-04
2.794919710140675306e-04
2.797504130285233259e-04
2.880248939618468285e-04
2.801466907840222120e-04
2.799915091600269079e-04
2.795392065308988094e-04
3.043997858185321093e-04
2.796794578898698092e-04
2.797075430862605572e-04
2.971994399558752775e-04
3.049185324925929308e-04
2.803176466841250658e-04
2.921381383202970028e-04
2.798054774757474661e-04
3.056252025999128819e-04
2.798833011183887720e-04
3.042814496438950300e-04
2.799127832986414433e-04
2.831296587828546762e-04
2.965013263747096062e-04
3.048057551495730877e-04
2.796722983475774527e-04
2.798250934574753046e-04
2.825842530000954866e-04
3.078462614212185144e-04
2.796927292365580797e-04
2.966213214676827192e-04
2.800919755827635527e-04
2.932544739451259375e-04
2.892444899771362543e-04
2.800028014462441206e-04
3.260095836594700813e-04
2.977301192004233599e-04
3.076709108427166939e-04
3.045643097721040249e-04
2.795552427414804697e-04
2.851535973604768515e-04
2.802510862238705158e-04
3.053085529245436192e-04
2.798711939249187708e-04
3.064893244300037622e-04
2.915855729952454567e-04
3.610515268519520760e-04
2.789977879729121923e-04
3.043049073312431574e-04
2.939289552159607410e-04
2.804565301630645990e-04
3.237568598706275225e-04
2.798927307594567537e-04
2.793485473375767469e-04
3.028984647244215012e-04
2.801559458021074533e-04
2.798079804051667452e-04
3.020794829353690147e-04
2.773448359221220016e-04
3.037125861737877131e-04
2.864000853151082993e-04
3.050567756872624159e-04
2.877324586734175682e-04
2.863025292754173279e-04
3.244671097490936518e-04
2.800568181555718184e-04
3.057837602682411671e-04
2.975055831484496593e-04
3.056647256016731262e-04
2.791749429889023304e-04
3.050364903174340725e-04
2.795755863189697266e-04
2.920028637163341045e-04
2.795668842736631632e-04
2.802686358336359262e-04
2.794799511320888996e-04
2.919975377153605223e-04
2.800187794491648674e-04
2.855217026080936193e-04
2.796509943436831236e-04
2.879741659853607416e-04
2.829152508638799191e-04
2.886093861889094114e-04
2.923456195276230574e-04
2.798985224217176437e-04
2.890504256356507540e-04
3.127390809822827578e-04
3.052994725294411182e-04
3.075325803365558386e-04
3.038992290385067463e-04
3.246788401156663895e-04
2.797896158881485462e-04
2.889037423301488161e-04
2.800249203573912382e-04
3.003701276611536741e-04
2.800464571919292212e-04
2.927841269411146641e-04
2.797162451315671206e-04
3.048859653063118458e-04
2.800067886710166931e-04
2.933784271590411663e-04
2.795599284581840038e-04
2.950821653939783573e-04
3.083017654716968536e-04
2.795412437990307808e-04
3.286849241703748703e-04
2.798150817397981882e-04
2.793541352730244398e-04
2.909215399995446205e-04
2.926653833128511906e-04
2.800576330628246069e-04
3.039197472389787436e-04
2.795028558466583490e-04
2.984562306664884090e-04
3.092290717177093029e-04
2.962085418403148651e-04
2.925162552855908871e-04
3.207728732377290726e-04
2.918777754530310631e-04
2.968408807646483183e-04
3.270490560680627823e-04
2.799279172904789448e-04
2.883919223677366972e-04
2.847364230547100306e-04
2.981682191602885723e-04
2.913329517468810081e-04
2.830908342730253935e-04
3.087405348196625710e-04
2.801421796903014183e-04
2.799808280542492867e-04
2.795980835799127817e-04
2.866053837351500988e-04
3.053866676054894924e-04
2.843667462002485991e-04
3.044259501621127129e-04
2.892254269681870937e-04
2.799850772134959698e-04
2.866895520128309727e-04
2.794985193759202957e-04
3.019684227183461189e-04
3.206299734301865101e-04
2.978312259074300528e-04
3.069732629228383303e-04
3.097597218584269285e-04
2.857113431673496962e-04
2.951853093691170216e-04
2.796545741148293018e-04
2.881574037019163370e-04
2.789470308925956488e-04
2.964803425129503012e-04
3.051444073207676411e-04
2.893838973250240088e-04
2.889364550355821848e-04
2.799335343297570944e-04
2.790561702568084002e-04
2.799794019665569067e-04
2.796974731609225273e-04
3.056895802728831768e-04
2.884763525798916817e-04
2.800793736241757870e-04
2.888256276492029428e-04
3.047255449928343296e-04
2.793569292407482862e-04
2.795897016767412424e-04
2.955329255200922489e-04
3.019550349563360214e-04
2.767514961306005716e-04
3.186030662618577480e-04
2.797846682369709015e-04
2.926623856183141470e-04
2.926084271166473627e-04
2.801356895361095667e-04
2.925487642642110586e-04
2.967792097479104996e-04
3.043437900487333536e-04
3.049426595680415630e-04
3.044197219423949718e-04
2.791893493849784136e-04
2.929929178208112717e-04
3.009586071129888296e-04
2.799402573145925999e-04
2.926169254351407290e-04
2.857957733795046806e-04
2.796341141220182180e-04
2.911674382630735636e-04
3.235686745028942823e-04
3.223792009521275759e-04
2.860243839677423239e-04
2.795623731799423695e-04
2.800703514367341995e-04
2.927034511230885983e-04
3.046313941013067961e-04
3.049839287996292114e-04
2.934338408522307873e-04
3.606321406550705433e-04
3.211094881407916546e-04
2.926119195763021708e-04
2.964567975141108036e-04
2.968923072330653667e-04
3.035294939763844013e-04
2.861082903109490871e-04
3.046795027330517769e-04
2.798362984322011471e-04
2.922235289588570595e-04
2.801398513838648796e-04
3.096092841587960720e-04
3.170814015902578831e-04
2.801409573294222355e-04
2.800276561174541712e-04
2.929551992565393448e-04
2.796185726765543222e-04
3.069991653319448233e-04
2.977802359964698553e-04
2.883653505705296993e-04
3.054304688703268766e-04
2.802138624247163534e-04
2.793915336951613426e-04
2.958937548100948334e-04
3.035682020708918571e-04
2.786211553029716015e-04
3.044683253392577171e-04
2.797399647533893585e-04
2.896547957789152861e-04
2.917477977462112904e-04
2.794346073642373085e-04
2.789128338918089867e-04
2.798753557726740837e-04
3.118218737654387951e-04
2.905219444073736668e-04
2.929868351202458143e-04
2.836215717252343893e-04
2.923987340182065964e-04
2.789798018056899309e-04
2.793753228615969419e-04
3.015961847268044949e-04
3.044909099116921425e-04
3.092813421972095966e-04
2.963430888485163450e-04
3.045610210392624140e-04
2.833953767549246550e-04
2.878621162381023169e-04
2.843879046849906445e-04
2.800162183120846748e-04
2.927386085502803326e-04
2.921734994743019342e-04
2.801784721668809652e-04
3.042196331080049276e-04
2.824911789502948523e-04
2.917257079388946295e-04
2.798748610075563192e-04
2.955132513307034969e-04
2.797122288029640913e-04
3.070308302994817495e-04
3.313008637633174658e-04
2.997848205268383026e-04
2.798982313834130764e-04
2.795942418742924929e-04
2.925792359746992588e-04
2.888196904677897692e-04
2.793600433506071568e-04
2.919211692642420530e-04
2.796411572489887476e-04
2.873126941267400980e-04
2.917363017331808805e-04
2.962755970656871796e-04
2.797927591018378735e-04
3.058249712921679020e-04
2.895398938562721014e-04
2.798384812194854021e-04
2.938830002676695585e-04
2.799687790684401989e-04
2.915308577939867973e-04
2.839804801624268293e-04
2.835710183717310429e-04
2.884962013922631741e-04
2.864561975002288818e-04
2.883613051380962133e-04
2.912711934186518192e-04
2.921818813774734735e-04
2.794853062368929386e-04
2.932577626779675484e-04
2.943615545518696308e-04
2.933944924734532833e-04
2.799244830384850502e-04
2.920757979154586792e-04
2.882583066821098328e-04
2.950992784462869167e-04
2.805053663905709982e-04
2.797639754135161638e-04
3.051533130928874016e-04
3.097700537182390690e-04
2.794970350805670023e-04
2.839322551153600216e-04
2.950695343315601349e-04
2.791366423480212688e-04
3.054413537029176950e-04
2.941447310149669647e-04
2.923245483543723822e-04
2.791049191728234291e-04
2.896065998356789351e-04
2.799112116917967796e-04
2.931748458649963140e-04
2.793773601297289133e-04
2.875974169000983238e-04
3.054316330235451460e-04
2.797487250063568354e-04
2.801233786158263683e-04
3.045481571462005377e-04
2.912394702434539795e-04
3.047697537112981081e-04
3.047964710276573896e-04
2.928250760305672884e-04
3.061805909965187311e-04
3.051458625122904778e-04
2.799841749947518110e-04
2.971437352243810892e-04
3.042131138499826193e-04
2.801131631713360548e-04
2.927295863628387451e-04
2.790167054627090693e-04
2.801690134219825268e-04
2.963288861792534590e-04
3.050878003705292940e-04
2.886415750253945589e-04
2.799165376927703619e-04
2.889587776735424995e-04
2.899534883908927441e-04
2.960698329843580723e-04
2.974910894408822060e-04
3.045429475605487823e-04
2.795424661599099636e-04
2.793657477013766766e-04
2.923705615103244781e-04
2.798808272927999496e-04
2.797304478008300066e-04
2.962150610983371735e-04
2.800569927785545588e-04
2.942864084616303444e-04
3.048132930416613817e-04
2.790903963614255190e-04
2.882025437429547310e-04
3.045553748961538076e-04
2.935069205705076456e-04
2.793934836518019438e-04
2.802351373247802258e-04
2.860302338376641273e-04
3.068627556785941124e-04
2.943195286206901073e-04
2.798367640934884548e-04
2.994129317812621593e-04
3.049520892091095448e-04
2.794502070173621178e-04
2.800283837132155895e-04
2.796899934764951468e-04
2.922651183325797319e-04
2.938066609203815460e-04
2.802338567562401295e-04
3.250504669267684221e-04
2.957506512757390738e-04
3.036023699678480625e-04
2.790575090330094099e-04
2.799200883600860834e-04
2.895738580264151096e-04
3.077096480410546064e-04
2.922374405898153782e-04
2.989528875332325697e-04
2.800461952574551105e-04
2.962962607853114605e-04
3.043682663701474667e-04
2.796401677187532187e-04
2.793075400404632092e-04
2.823284012265503407e-04
2.803448005579411983e-04
2.791924925986677408e-04
2.798222121782600880e-04
2.804396208375692368e-04
2.847042633220553398e-04
2.878513187170028687e-04
2.857866638805717230e-04
2.890935575123876333e-04
2.882902626879513264e-04
2.795961918309330940e-04
3.221016086172312498e-04
2.801434893626719713e-04
3.039874136447906494e-04
2.790770959109067917e-04
3.045010962523519993e-04
2.780618669930845499e-04
3.033360699191689491e-04
3.107078664470463991e-04
3.320603573229163885e-04
2.796924381982535124e-04
2.928148896899074316e-04
2.777161425910890102e-04
2.882491389755159616e-04
2.890450996346771717e-04
2.800153743010014296e-04
2.839998342096805573e-04
2.829532895702868700e-04
2.798928180709481239e-04
2.795928157866001129e-04
2.792998275253921747e-04
2.926659362856298685e-04
2.980404533445835114e-04
3.157136088702827692e-04
2.801035589072853327e-04
3.108240198343992233e-04
2.856918144971132278e-04
3.108718665316700935e-04
2.798796631395816803e-04
3.064024203922599554e-04
3.110617690254002810e-04
2.834863844327628613e-04
3.016586124431341887e-04
2.792930463328957558e-04
2.803436364047229290e-04
2.923328138422220945e-04
2.798934583552181721e-04
2.966127649415284395e-04
3.049953375011682510e-04
2.798842033371329308e-04
3.056913265027105808e-04
2.799690118990838528e-04
3.163299406878650188e-04
3.060178132727742195e-04
3.093524719588458538e-04
3.049476363230496645e-04
2.787026751320809126e-04
3.042339521925896406e-04
3.046747879125177860e-04
2.796091430354863405e-04
2.978832926601171494e-04
2.800561487674713135e-04
3.052675456274300814e-04
2.954095252789556980e-04
3.037480055354535580e-04
2.787129196804016829e-04
2.800303045660257339e-04
3.056298301089555025e-04
2.940733102150261402e-04
2.888487942982465029e-04
2.917318488471210003e-04
2.798400819301605225e-04
3.052399842999875546e-04
2.798461646307259798e-04
2.949393237940967083e-04
2.937038079835474491e-04
2.973155642393976450e-04
3.070008824579417706e-04
2.843499823939055204e-04
2.794562897179275751e-04
3.002892190124839544e-04
2.945238957181572914e-04
2.794152824208140373e-04
2.792269806377589703e-04
3.073150874115526676e-04
2.874145866371691227e-04
2.968219341710209846e-04
2.898246166296303272e-04
2.929295878857374191e-04
2.796704065985977650e-04
2.967724576592445374e-04
3.028183127753436565e-04
2.791407459881156683e-04
2.797441848088055849e-04
2.921787090599536896e-04
2.918436366599053144e-04
3.053816617466509342e-04
2.790292492136359215e-04
3.043000178877264261e-04
2.879432286135852337e-04
2.832618774846196175e-04
2.959169796667993069e-04
3.041716699954122305e-04
2.793961903080344200e-04
3.249609435442835093e-04
3.077673318330198526e-04
2.922798157669603825e-04
3.044973127543926239e-04
2.829401346389204264e-04
2.798023342620581388e-04
2.891327312681823969e-04
2.907076268456876278e-04
2.903951681219041348e-04
3.128940588794648647e-04
2.795511682052165270e-04
2.802476519718766212e-04
3.046388446819037199e-04
3.047545033041387796e-04
2.793422609101980925e-04
3.034409019164741039e-04
3.044695477001368999e-04
2.800945367198437452e-04
2.913920034188777208e-04
3.034689289052039385e-04
3.097878070548176765e-04
3.047240606974810362e-04
3.100811154581606388e-04
2.801580412779003382e-04
3.007322375196963549e-04
3.243225510232150555e-04
2.834940096363425255e-04
2.877736988011747599e-04
2.926603192463517189e-04
2.794677275232970715e-04
2.858616353478282690e-04
2.930964110419154167e-04
2.791312290355563164e-04
2.799532376229763031e-04
2.881879918277263641e-04
2.797183988150209188e-04
2.855930069927126169e-04
2.798156929202377796e-04
2.922163112089037895e-04
2.801348455250263214e-04
2.797533525153994560e-04
2.799851354211568832e-04
2.797126071527600288e-04
3.047692880500108004e-04
2.799933135975152254e-04
2.799735520966351032e-04
3.046778147108852863e-04
2.931494091171771288e-04
2.795605978462845087e-04
2.797353081405162811e-04
2.802469825837761164e-04
2.800671500153839588e-04
2.793634776026010513e-04
2.796948829200118780e-04
3.051974927075207233e-04
3.051547973882406950e-04
3.163176588714122772e-04
3.022337041329592466e-04
2.790885337162762880e-04
2.798145869746804237e-04
2.794867323245853186e-04
2.795854816213250160e-04
2.800045767799019814e-04
2.892665797844529152e-04
2.922320854850113392e-04
2.798715431708842516e-04
2.800302172545343637e-04
2.794039028231054544e-04
2.832240425050258636e-04
2.979330020025372505e-04
2.798768982756882906e-04
2.798647910822182894e-04
3.123079659417271614e-04
2.798799250740557909e-04
2.804660180117934942e-04
3.046181227546185255e-04
2.875156933441758156e-04
2.921001578215509653e-04
2.790178405120968819e-04
2.798433997668325901e-04
3.047589270863682032e-04
2.797076886054128408e-04
2.982788137160241604e-04
2.797694760374724865e-04
2.925875887740403414e-04
2.794536994770169258e-04
3.046207420993596315e-04
2.795412146952003241e-04
2.878296945709735155e-04
2.853030164260417223e-04
2.870201424229890108e-04
2.801863302011042833e-04
2.797061752062290907e-04
2.797782944981008768e-04
3.062407486140727997e-04
3.079236194025725126e-04
3.137040766887366772e-04
3.056493005715310574e-04
2.951650531031191349e-04
2.800033835228532553e-04
2.932297356892377138e-04
2.846309798769652843e-04
2.801282098516821861e-04
2.997829869855195284e-04
3.131827979814261198e-04
2.920216065831482410e-04
2.796600747387856245e-04
2.797169727273285389e-04
2.917150850407779217e-04
2.798191562760621309e-04
3.163811343256384134e-04
3.051966778002679348e-04
2.847922733053565025e-04
2.959352277684956789e-04
2.794966567307710648e-04
2.965153253171592951e-04
3.041009476874023676e-04
2.790931321214884520e-04
2.791334700305014849e-04
2.960560086648911238e-04
2.930726914200931787e-04
2.950807975139468908e-04
2.795971813611686230e-04
2.801668306346982718e-04
2.800036454573273659e-04
2.884560963138937950e-04
2.926961460616439581e-04
2.791313745547086000e-04
2.801598748192191124e-04
3.177841426804661751e-04
2.799839712679386139e-04
2.797131019178777933e-04
3.039181465283036232e-04
3.022757300641387701e-04
3.119230095762759447e-04
2.915222721640020609e-04
2.801204682327806950e-04
3.085047064814716578e-04
2.793457533698529005e-04
2.801266091410070658e-04
2.864575944840908051e-04
2.797343477141112089e-04
2.924154687207192183e-04
2.964961458928883076e-04
3.044010663870722055e-04
2.899167884606868029e-04
3.055834968108683825e-04
2.958223922178149223e-04
3.043703036382794380e-04
2.789162099361419678e-04
3.048723447136580944e-04
2.797719789668917656e-04
2.796507324092090130e-04
2.798809437081217766e-04
3.037173300981521606e-04
2.796123153530061245e-04
2.858912630472332239e-04
2.885632857214659452e-04
2.796438639052212238e-04
3.049893421120941639e-04
3.053099499084055424e-04
3.040206502191722393e-04
2.797325141727924347e-04
3.049517399631440639e-04
2.800632792059332132e-04
2.799050416797399521e-04
3.063999465666711330e-04
2.803782117553055286e-04
2.879741950891911983e-04
3.048490034416317940e-04
2.798549830913543701e-04
2.800855727400630713e-04
2.794450265355408192e-04
2.962614817079156637e-04
2.798856294248253107e-04
2.794903411995619535e-04
3.012038650922477245e-04
3.046312194783240557e-04
2.795997424982488155e-04
2.796895569190382957e-04
2.931453345809131861e-04
2.967441978398710489e-04
2.800963411573320627e-04
2.796936605591326952e-04
2.797835622914135456e-04
3.048153885174542665e-04
2.792789600789546967e-04
3.247389686293900013e-04
3.208525304216891527e-04
2.946368767879903316e-04
2.801360096782445908e-04
2.970389323309063911e-04
3.041950403712689877e-04
2.794824540615081787e-04
2.802676463034003973e-04
2.800611546263098717e-04
2.921559789683669806e-04
3.034459950868040323e-04
3.210069553460925817e-04
3.059755545109510422e-04
2.799719222821295261e-04
2.962828730233013630e-04
3.043432079721242189e-04
2.801544324029237032e-04
3.202988300472497940e-04
2.897211234085261822e-04
2.797196502797305584e-04
2.990096108987927437e-04
2.798143541440367699e-04
3.048747312277555466e-04
2.794899628497660160e-04
3.039742587134242058e-04
3.045758348889648914e-04
2.797950000967830420e-04
3.053653636015951633e-04
2.893334021791815758e-04
3.076975990552455187e-04
2.965251042041927576e-04
2.800135116558521986e-04
2.796031185425817966e-04
3.056182758882641792e-04
2.797638589981943369e-04
2.971625071950256824e-04
3.054509288631379604e-04
2.800801012199372053e-04
3.056309360545128584e-04
2.921522245742380619e-04
2.926746092271059752e-04
2.799822541419416666e-04
3.100928151980042458e-04
3.043433243874460459e-04
2.789206046145409346e-04
3.083556366618722677e-04
2.873411576729267836e-04
2.884697460103780031e-04
2.927484456449747086e-04
3.085235948674380779e-04
3.061745665036141872e-04
2.785698743537068367e-04
2.796728222165256739e-04
2.799359208438545465e-04
3.042565658688545227e-04
2.881144173443317413e-04
2.892001648433506489e-04
2.926286542788147926e-04
2.965938765555620193e-04
2.791358274407684803e-04
2.863544796127825975e-04
2.904200227931141853e-04
3.043480683118104935e-04
2.792370214592665434e-04
2.877564111258834600e-04
2.971262147184461355e-04
2.899920218624174595e-04
2.828557917382568121e-04
2.859510132111608982e-04
3.057075373362749815e-04
3.034489927813410759e-04
2.923397405538707972e-04
2.889238239731639624e-04
2.912069321610033512e-04
2.884579880628734827e-04
3.012031957041472197e-04
3.186322282999753952e-04
3.338327514939010143e-04
2.878860977943986654e-04
2.951691567432135344e-04
2.898497623391449451e-04
2.962267899420112371e-04
3.037815331481397152e-04
2.864816924557089806e-04
2.911850460804998875e-04
3.060566668864339590e-04
3.040660812985152006e-04
2.796848420985043049e-04
2.895278157666325569e-04
2.789000864140689373e-04
2.902402484323829412e-04
3.045965859200805426e-04
3.043886099476367235e-04
3.038522845599800348e-04
2.791698498185724020e-04
2.791416191030293703e-04
2.884081332013010979e-04
2.800012298393994570e-04
2.796300104819238186e-04
3.054617845918983221e-04
2.797533816192299128e-04
3.049134975299239159e-04
2.963715232908725739e-04
2.920672995969653130e-04
2.920884580817073584e-04
2.956888638436794281e-04
3.031760861631482840e-04
2.788605925161391497e-04
3.054636763408780098e-04
2.796615299303084612e-04
2.893596829380840063e-04
2.798164787236601114e-04
2.896879741456359625e-04
3.060558810830116272e-04
2.796187472995370626e-04
3.038038266822695732e-04
2.959982084576040506e-04
3.044159093406051397e-04
2.786883560474961996e-04
2.901870175264775753e-04
3.148415416944772005e-04
2.922698622569441795e-04
2.796588523779064417e-04
3.048706566914916039e-04
2.796003536786884069e-04
2.800056536216288805e-04
2.930701011791825294e-04
3.165479283779859543e-04
2.926327579189091921e-04
2.794306201394647360e-04
3.039911389350891113e-04
2.793112071231007576e-04
2.794571919366717339e-04
3.009316278621554375e-04
2.966373867820948362e-04
3.054264816455543041e-04
2.794816100504249334e-04
2.965541207231581211e-04
3.058789588976651430e-04
2.796909539029002190e-04
2.899665269069373608e-04
3.046096826437860727e-04
2.800321381073445082e-04
2.930114278569817543e-04
3.075165732298046350e-04
3.128326206933706999e-04
2.795830077957361937e-04
2.798561763484030962e-04
3.045654157176613808e-04
2.797535271383821964e-04
2.873814955819398165e-04
3.049671940971165895e-04
2.796008484438061714e-04
2.926659071817994118e-04
2.791772421915084124e-04
3.039954171981662512e-04
2.923577267210930586e-04
3.051569510716944933e-04
2.797943598125129938e-04
3.045409976039081812e-04
2.798270725179463625e-04
3.014407702721655369e-04
2.799259382300078869e-04
3.047420759685337543e-04
3.119185566902160645e-04
2.902628621086478233e-04
2.924155851360410452e-04
3.085081698372960091e-04
2.795011387206614017e-04
3.075132844969630241e-04
2.949666522908955812e-04
2.799634239636361599e-04
2.796517510432749987e-04
3.047710051760077477e-04
3.040544106625020504e-04
2.795240434352308512e-04
3.171003772877156734e-04
2.921995765063911676e-04
2.802617382258176804e-04
2.794048632495105267e-04
2.797100460156798363e-04
2.986346080433577299e-04
2.801266673486679792e-04
2.796210465021431446e-04
2.959714620374143124e-04
2.795924665406346321e-04
3.077484143432229757e-04
2.886421279981732368e-04
2.846422430593520403e-04
2.893830824177712202e-04
2.800146758090704679e-04
2.849292068276554346e-04
2.862419933080673218e-04
2.890735631808638573e-04
2.990984939970076084e-04
2.848747535608708858e-04
2.864990965463221073e-04
2.843196270987391472e-04
2.921547566074877977e-04
2.928499598056077957e-04
3.394674276933073997e-04
3.061201132368296385e-04
2.977082331199198961e-04
2.925661392509937286e-04
3.046658239327371120e-04
2.839452063199132681e-04
2.877740480471402407e-04
3.136543673463165760e-04
2.860703680198639631e-04
3.038637223653495312e-04
3.033608081750571728e-04
2.801413065753877163e-04
3.156005695927888155e-04
2.796974149532616138e-04
2.962639555335044861e-04
2.795807959046214819e-04
3.056539862882345915e-04
2.795320760924369097e-04
2.955888339783996344e-04
3.045265621040016413e-04
2.916404337156563997e-04
3.044836630579084158e-04
2.795142063405364752e-04
2.801666851155459881e-04
2.917917736340314150e-04
2.895756915677338839e-04
2.920813858509063721e-04
3.163242945447564125e-04
2.849779848475009203e-04
2.941650454886257648e-04
3.066912177018821239e-04
2.968590124510228634e-04
3.047747304663062096e-04
2.874048077501356602e-04
2.796443877741694450e-04
2.870056487154215574e-04
3.223969251848757267e-04
3.042111056856811047e-04
2.792430168483406305e-04
3.144826914649456739e-04
3.075872664339840412e-04
3.045321500394493341e-04
2.794184256345033646e-04
3.095378633588552475e-04
2.881404361687600613e-04
2.965418971143662930e-04
3.053338441532105207e-04
2.906289300881326199e-04
2.798764035105705261e-04
2.848326985258609056e-04
2.857053477782756090e-04
2.837028878275305033e-04
2.904739812947809696e-04
2.883670676965266466e-04
2.978579141199588776e-04
2.796296612359583378e-04
2.959720441140234470e-04
2.988509077113121748e-04
3.041163436137139797e-04
3.612547589000314474e-04
3.605513193178921938e-04
3.086586075369268656e-04
2.799828362185508013e-04
2.898539823945611715e-04
2.986232575494796038e-04
3.009228676091879606e-04
2.881556574720889330e-04
3.102968912571668625e-04
2.965496096294373274e-04
3.037669521290808916e-04
2.785561955533921719e-04
2.913157804869115353e-04
2.841772802639752626e-04
3.080095921177417040e-04
2.870914177037775517e-04
2.797157503664493561e-04
2.887715818360447884e-04
2.800094371195882559e-04
2.795885084196925163e-04
2.932798815891146660e-04
2.923218999058008194e-04
2.854407939594238997e-04
2.794072788674384356e-04
2.969310444314032793e-04
3.053100954275578260e-04
2.827090793289244175e-04
3.070563543587923050e-04
2.926207380369305611e-04
2.797912748064845800e-04
2.798704372253268957e-04
2.797145571094006300e-04
2.926464367192238569e-04
3.014770627487450838e-04
3.049921942874789238e-04
3.049757215194404125e-04
2.793408639263361692e-04
3.045943158213049173e-04
2.801277441903948784e-04
3.050277882721275091e-04
2.800433139782398939e-04
3.050444356631487608e-04
2.802037342917174101e-04
2.925925946328788996e-04
2.797288179863244295e-04
2.797729102894663811e-04
3.082514740526676178e-04
2.800401998683810234e-04
2.891475451178848743e-04
3.090756072197109461e-04
2.941776474472135305e-04
3.104350762441754341e-04
2.800383663270622492e-04
2.800101356115192175e-04
2.916949742939323187e-04
2.965713792946189642e-04
3.045453922823071480e-04
2.793702587950974703e-04
3.057301801163703203e-04
3.056938294321298599e-04
2.988681080751121044e-04
3.045653575100004673e-04
2.799450303427875042e-04
2.901051193475723267e-04
3.065353666897863150e-04
2.801340306177735329e-04
3.120297915302217007e-04
2.797983470372855663e-04
2.868379233404994011e-04
3.633644955698400736e-04
3.624208620749413967e-04
2.798658679239451885e-04
2.916071389336138964e-04
2.796180488076061010e-04
3.168792754877358675e-04
2.797207271214574575e-04
2.802200615406036377e-04
2.887981827370822430e-04
2.797329507302492857e-04
3.227546985726803541e-04
2.798646746668964624e-04
2.801629307214170694e-04
3.271794412285089493e-04
3.123186179436743259e-04
2.934707445092499256e-04
2.796881017275154591e-04
3.088147495873272419e-04
2.930325572378933430e-04
2.946965105365961790e-04
3.018066054210066795e-04
2.830074226949363947e-04
2.823847171384841204e-04
2.836070780176669359e-04
2.840924134943634272e-04
2.821960661094635725e-04
2.839086810126900673e-04
2.875792270060628653e-04
3.041284217033535242e-04
2.917325473390519619e-04
3.040820593014359474e-04
2.786173427011817694e-04
2.813395403791218996e-04
2.794275351334363222e-04
3.037734422832727432e-04
3.046970232389867306e-04
3.077924775425344706e-04
2.867365838028490543e-04
3.051042149309068918e-04
2.885121502913534641e-04
2.900094550568610430e-04
2.931457129307091236e-04
3.072959370911121368e-04
2.906501176767051220e-04
3.045355551876127720e-04
2.952994254883378744e-04
2.869696763809770346e-04
2.888343879021704197e-04
2.834786428138613701e-04
2.843358961399644613e-04
2.873914781957864761e-04
2.842410758603364229e-04
2.917296951636672020e-04
2.924329019151628017e-04
2.868481969926506281e-04
3.039334551431238651e-04
2.791072765830904245e-04
3.047040954697877169e-04
2.797010238282382488e-04
2.933222276624292135e-04
2.801334194373339415e-04
2.871382457669824362e-04
2.834564656950533390e-04
2.827452262863516808e-04
2.818049106281250715e-04
2.798337663989514112e-04
3.053100081160664558e-04
2.799908979795873165e-04
3.042957978323101997e-04
2.878962841350585222e-04
2.796957269310951233e-04
2.798046043608337641e-04
3.048647195100784302e-04
2.801155787892639637e-04
2.796242770273238420e-04
2.864541311282664537e-04
3.039083094336092472e-04
2.998735581059008837e-04
2.792334416881203651e-04
3.053657128475606441e-04
3.059154259972274303e-04
2.978813427034765482e-04
2.837487845681607723e-04
2.890357282012701035e-04
2.797387423925101757e-04
2.861017419490963221e-04
2.796942426357418299e-04
2.957298420369625092e-04
2.847353753168135881e-04
2.959550474770367146e-04
3.053258405998349190e-04
2.792023296933621168e-04
2.813892497215420008e-04
2.924141881521791220e-04
2.797419147100299597e-04
2.801515220198780298e-04
3.186334506608545780e-04
3.067952056881040335e-04
3.045246412511914968e-04
3.179429913870990276e-04
2.798618224915117025e-04
2.968586049973964691e-04
2.799500944092869759e-04
2.905844594351947308e-04
2.952183422166854143e-04
3.048162616323679686e-04
2.972409711219370365e-04
2.793823368847370148e-04
3.048385260626673698e-04
3.046847414225339890e-04
2.815669286064803600e-04
2.796491025947034359e-04
3.047250211238861084e-04
2.864848647732287645e-04
2.801091468427330256e-04
2.834783808793872595e-04
3.036782145500183105e-04
3.099834430031478405e-04
3.072314430028200150e-04
2.799574285745620728e-04
2.970582281704992056e-04
3.048144862987101078e-04
2.791949082165956497e-04
3.041184972971677780e-04
3.069396188948303461e-04
2.802869421429932117e-04
2.793461899273097515e-04
2.985800092574208975e-04
2.934556105174124241e-04
2.797674096655100584e-04
2.932192292064428329e-04
3.193298180121928453e-04
2.800359507091343403e-04
2.950635389424860477e-04
3.064920019824057817e-04
2.922710264101624489e-04
2.798998029902577400e-04
2.798456116579473019e-04
2.887048758566379547e-04
2.791473234537988901e-04
3.034810360986739397e-04
3.106756485067307949e-04
2.932968491222709417e-04
2.877526858355849981e-04
2.797664492391049862e-04
3.148383111692965031e-04
2.883697452489286661e-04
2.928956528194248676e-04
2.861225802917033434e-04
2.919591788668185472e-04
2.797549241222441196e-04
2.903093700297176838e-04
2.867621369659900665e-04
2.796129847411066294e-04
3.047908539883792400e-04
2.802080125547945499e-04
2.795801847241818905e-04
2.801185764838010073e-04
2.897017984651029110e-04
2.795082400552928448e-04
2.922634012065827847e-04
2.800415386445820332e-04
2.802489034365862608e-04
3.046490892302244902e-04
2.798017521854490042e-04
3.043678880203515291e-04
2.790947910398244858e-04
2.956522221211344004e-04
3.042234457097947598e-04
2.965641324408352375e-04
3.051805251743644476e-04
2.799946523737162352e-04
2.943797153420746326e-04
2.933404757641255856e-04
2.897249942179769278e-04
2.851801109500229359e-04
2.795269247144460678e-04
2.801761147566139698e-04
3.031358937732875347e-04
2.963155857287347317e-04
3.047343634534627199e-04
2.800885995384305716e-04
3.081772592850029469e-04
2.836073108483105898e-04
2.862076507881283760e-04
2.797995111905038357e-04
2.798174682538956404e-04
2.800807997118681669e-04
2.796032058540731668e-04
3.050148661714047194e-04
2.796133630909025669e-04
2.930961491074413061e-04
2.887176815420389175e-04
3.048334910999983549e-04
2.798138884827494621e-04
2.798233181238174438e-04
2.795602486003190279e-04
2.854622143786400557e-04
2.856675419025123119e-04
2.798334171529859304e-04
2.793372841551899910e-04
2.795472391881048679e-04
2.801139489747583866e-04
2.843936090357601643e-04
2.910228795371949673e-04
2.940524136647582054e-04
2.914913929998874664e-04
2.795250329654663801e-04
2.924439031630754471e-04
2.968393673654645681e-04
3.177366743329912424e-04
2.802098460961133242e-04
3.049905353691428900e-04
2.886661386583000422e-04
3.129211254417896271e-04
2.799072826746851206e-04
2.886997826863080263e-04
2.797995693981647491e-04
2.791770966723561287e-04
2.797570778056979179e-04
3.045861958526074886e-04
2.792117302305996418e-04
2.877883671317249537e-04
2.801980881486088037e-04
2.923776919487863779e-04
2.797675260808318853e-04
2.971009234897792339e-04
3.053031396120786667e-04
2.797514607664197683e-04
2.799814101308584213e-04
2.870732278097420931e-04
2.883278357330709696e-04
2.855957718566060066e-04
2.795950858853757381e-04
2.990282082464545965e-04
3.049097431357949972e-04
2.924131404142826796e-04
2.796372864395380020e-04
3.042985626962035894e-04
2.797785855364054441e-04
2.801985247060656548e-04
2.896135265473276377e-04
2.796181070152670145e-04
2.937733661383390427e-04
2.799022186081856489e-04
2.929496986325830221e-04
2.799929061438888311e-04
2.863133267965167761e-04
2.976585819851607084e-04
2.827562857419252396e-04
2.886349393520504236e-04
2.820891677401959896e-04
2.873600460588932037e-04
2.895333163905888796e-04
2.976331452373415232e-04
3.157332248520106077e-04
3.052429819945245981e-04
3.072114777751266956e-04
3.066153440158814192e-04
2.801101945806294680e-04
2.847420983016490936e-04
2.844179107341915369e-04
2.796430781017988920e-04
2.791191800497472286e-04
3.086259530391544104e-04
3.036462876480072737e-04
2.789545978885143995e-04
2.897910308092832565e-04
2.800358342938125134e-04
2.799153444357216358e-04
2.918881655205041170e-04
2.796806220430880785e-04
2.895032812375575304e-04
2.891372132580727339e-04
2.965446910820901394e-04
2.972189977299422026e-04
2.989040222018957138e-04
2.929625625256448984e-04
2.956218086183071136e-04
3.056608547922223806e-04
2.792360610328614712e-04
3.213759628124535084e-04
2.899902174249291420e-04
2.850417513400316238e-04
2.960325218737125397e-04
2.790989819914102554e-04
2.967146574519574642e-04
3.021460724994540215e-04
2.854064805433154106e-04
2.797447377815842628e-04
2.864256675820797682e-04
2.800888323690742254e-04
2.925467269960790873e-04
3.084107884205877781e-04
2.797560300678014755e-04
3.047205973416566849e-04
2.797986962832510471e-04
3.075557469855993986e-04
3.047056670766323805e-04
2.798663044814020395e-04
2.956135431304574013e-04
2.798564382828772068e-04
3.044271143153309822e-04
3.024508769158273935e-04
3.051961830351501703e-04
2.820570371113717556e-04
2.885526919271796942e-04
2.927196037489920855e-04
3.050220257136970758e-04
2.799031499307602644e-04
2.794305619318038225e-04
2.813152386806905270e-04
2.830047160387039185e-04
3.046914935111999512e-04
2.797552733682096004e-04
3.056843997910618782e-04
3.042682947125285864e-04
2.794960746541619301e-04
2.800351358018815517e-04
2.801002119667828083e-04
2.799687208607792854e-04
2.882450935430824757e-04
2.890624455176293850e-04
3.018705174326896667e-04
3.202777588739991188e-04
2.882038534153252840e-04
2.799270150717347860e-04
2.812048187479376793e-04
2.780856157187372446e-04
2.794385945890098810e-04
3.048832004424184561e-04
3.048751386813819408e-04
2.798455534502863884e-04
3.066274512093514204e-04
2.876673243008553982e-04
2.799502399284392595e-04
2.799687499646097422e-04
2.894914941862225533e-04
3.054681874345988035e-04
3.105686919298022985e-04
3.029025974683463573e-04
3.033044049516320229e-04
3.048799117095768452e-04
2.800067304633557796e-04
2.801018999889492989e-04
2.922396233770996332e-04
2.802729140967130661e-04
2.823182148858904839e-04
2.928328176494687796e-04
2.800004149321466684e-04
2.794894389808177948e-04
2.797330962494015694e-04
2.927488239947706461e-04
2.802671515382826328e-04
2.859384112525731325e-04
2.798962814267724752e-04
2.799214271362870932e-04
2.873812918551266193e-04
2.882240805774927139e-04
3.054300032090395689e-04
2.795309992507100105e-04
2.847723371814936399e-04
2.794977335724979639e-04
2.886588918045163155e-04
2.931955677922815084e-04
3.045833436772227287e-04
2.919830149039626122e-04
2.961748396046459675e-04
3.048988874070346355e-04
2.794166211970150471e-04
2.974762464873492718e-04
2.793826279230415821e-04
2.796065527945756912e-04
2.799697103910148144e-04
2.929879119619727135e-04
2.795436012092977762e-04
2.847925061360001564e-04
2.928541507571935654e-04
2.971742942463606596e-04
3.041840391233563423e-04
2.975574461743235588e-04
2.799089124891906977e-04
2.833392645698040724e-04
3.064994525630027056e-04
3.256369382143020630e-04
3.033073444385081530e-04
2.792234299704432487e-04
3.039442817680537701e-04
2.868322189897298813e-04
2.795479667838662863e-04
2.859949599951505661e-04
2.923023712355643511e-04
2.848937874659895897e-04
2.878183731809258461e-04
3.232468152418732643e-04
3.104914212599396706e-04
3.170669369865208864e-04
2.798697678372263908e-04
2.964832237921655178e-04
3.046738565899431705e-04
2.793128660414367914e-04
2.862599794752895832e-04
3.042462631128728390e-04
2.797343768179416656e-04
2.919235557783395052e-04
2.936584060080349445e-04
2.800422371365129948e-04
2.797830384224653244e-04
3.045635239686816931e-04
2.795519540086388588e-04
2.799262874759733677e-04
2.802115050144493580e-04
3.043296164833009243e-04
2.794594329316169024e-04
2.799186040647327900e-04
3.172952565364539623e-04
3.049142251256853342e-04
2.796254702843725681e-04
3.050267114304006100e-04
2.799392386805266142e-04
2.797312336042523384e-04
2.800891234073787928e-04
2.798507630359381437e-04
3.103075432591140270e-04
2.795675827655941248e-04
2.827896387316286564e-04
2.823359391186386347e-04
2.818162029143422842e-04
2.894034550990909338e-04
3.142462519463151693e-04
2.797590859699994326e-04
2.796711924020200968e-04
2.892369811888784170e-04
2.885512076318264008e-04
2.844990813173353672e-04
2.795797772705554962e-04
3.046730125788599253e-04
3.085821517743170261e-04
2.859938249457627535e-04
2.799764333758503199e-04
3.047699574381113052e-04
2.796197950374335051e-04
2.880243409890681505e-04
2.800781221594661474e-04
2.800900547299534082e-04
2.796307089738547802e-04
2.799874055199325085e-04
3.048210928682237864e-04
3.062233445234596729e-04
2.890315081458538771e-04
3.046796191483736038e-04
2.961878781206905842e-04
3.036032721865922213e-04
2.798557397909462452e-04
2.796039334498345852e-04
2.868816372938454151e-04
3.087179211433976889e-04
2.901535190176218748e-04
2.976093383040279150e-04
2.800185757223516703e-04
2.936644596047699451e-04
3.063811163883656263e-04
2.797908091451972723e-04
3.076574939768761396e-04
2.917268429882824421e-04
2.794719766825437546e-04
2.958654658868908882e-04
3.281617537140846252e-04
2.850886958185583353e-04
3.049195511266589165e-04
2.797881898004561663e-04
2.791396982502192259e-04
2.802276867441833019e-04
2.801250084303319454e-04
2.802055096253752708e-04
2.921081904787570238e-04
3.044779296033084393e-04
2.796802436932921410e-04
2.934935328084975481e-04
2.927199820987880230e-04
3.045440826099365950e-04
2.800943912006914616e-04
2.967711479868739843e-04
3.052711545024067163e-04
2.851763856597244740e-04
2.897092781495302916e-04
2.801336522679775953e-04
2.884470159187912941e-04
2.925874723587185144e-04
2.795900509227067232e-04
3.072649415116757154e-04
2.866107970476150513e-04
3.071460814680904150e-04
2.914957294706255198e-04
2.792620216496288776e-04
3.041633171960711479e-04
2.856497303582727909e-04
2.821251982823014259e-04
2.796898188535124063e-04
3.092289261985570192e-04
2.789614663925021887e-04
2.923867723438888788e-04
3.164010995533317327e-04
2.798998611979186535e-04
3.053185064345598221e-04
2.800721849780529737e-04
2.788659185171127319e-04
2.798369969241321087e-04
2.797827764879912138e-04
2.798201167024672031e-04
2.929086331278085709e-04
2.922807761933654547e-04
2.798902569338679314e-04
2.795840555336326361e-04
2.898074744734913111e-04
2.939553523901849985e-04
2.900443796534091234e-04
3.043576434720307589e-04
2.906695590354502201e-04
2.795340842567384243e-04
2.965469902846962214e-04
2.922145067714154720e-04
3.050620434805750847e-04
2.794990723486989737e-04
2.799328649416565895e-04
2.797677589114755392e-04
2.825838455464690924e-04
2.964200684800744057e-04
3.045207122340798378e-04
2.796697663143277168e-04
2.924164873547852039e-04
2.796903427224606276e-04
2.797130728140473366e-04
3.207068366464227438e-04
3.048162907361984253e-04
2.957826072815805674e-04
3.040613373741507530e-04
2.791873121168464422e-04
3.046476922463625669e-04
2.797940396703779697e-04
2.980150748044252396e-04
3.051726089324802160e-04
2.801815862767398357e-04
3.048652433790266514e-04
3.005730977747589350e-04
3.044276381842792034e-04
2.797317283693701029e-04
2.949551271740347147e-04
3.030690713785588741e-04
2.781686780508607626e-04
2.796156622935086489e-04
2.858054649550467730e-04
2.801499504130333662e-04
3.383883449714630842e-04
2.970467612612992525e-04
2.798419736791402102e-04
3.064994525630027056e-04
3.057079738937318325e-04
3.051866369787603617e-04
3.336174995638430119e-04
2.924219879787415266e-04
3.046734782401472330e-04
2.791330625768750906e-04
2.800945658236742020e-04
2.883684646803885698e-04
3.111029218416661024e-04
2.800568181555718184e-04
2.949704648926854134e-04
2.925813896581530571e-04
2.924888394773006439e-04
2.802464296109974384e-04
3.041565068997442722e-04
2.792730228975415230e-04
2.891098847612738609e-04
2.896377409342676401e-04
2.950963389594107866e-04
3.055971756111830473e-04
2.869447926059365273e-04
2.797727356664836407e-04
2.910781768150627613e-04
2.979757555294781923e-04
3.041146555915474892e-04
2.878482337109744549e-04
3.023908939212560654e-04
2.887813316192477942e-04
3.622354415711015463e-04
3.629610873758792877e-04
3.086607612203806639e-04
2.864337875507771969e-04
2.888821181841194630e-04
3.094361163675785065e-04
2.799180219881236553e-04
2.894729841500520706e-04
2.864750567823648453e-04
2.851467579603195190e-04
2.963466686196625233e-04
2.926553424913436174e-04
2.799457870423793793e-04
2.918536192737519741e-04
3.196742618456482887e-04
3.070408420171588659e-04
2.980869030579924583e-04
3.140384505968540907e-04
3.054861444979906082e-04
2.965686726383864880e-04
3.044246404897421598e-04
2.798798959702253342e-04
2.793291641864925623e-04
3.044440236408263445e-04
2.922038256656378508e-04
2.796550397761166096e-04
2.929934125859290361e-04
2.928083122242242098e-04
2.803092938847839832e-04
2.842701214831322432e-04
3.005125327035784721e-04
3.045316261705011129e-04
2.791351580526679754e-04
2.954258816316723824e-04
3.149238473270088434e-04
3.166884416714310646e-04
2.991839137393981218e-04
2.788585843518376350e-04
2.926371234934777021e-04
3.049305523745715618e-04
2.939841942861676216e-04
2.797380730044096708e-04
2.799609501380473375e-04
2.923056308645755053e-04
2.899407991208136082e-04
2.918921236414462328e-04
2.794179599732160568e-04
3.041161980945616961e-04
2.801942464429885149e-04
2.802561502903699875e-04
2.800274232868105173e-04
2.797892084345221519e-04
3.049520601052790880e-04
3.080611932091414928e-04
2.924220461864024401e-04
2.946173190139234066e-04
2.798285859171301126e-04
2.922811254393309355e-04
2.797590859699994326e-04
3.087435325141996145e-04
2.794784959405660629e-04
2.800658694468438625e-04
2.798995410557836294e-04
2.796862390823662281e-04
2.856525825336575508e-04
2.959479752462357283e-04
3.033837710972875357e-04
2.787466801237314939e-04
2.877047227229923010e-04
2.802176168188452721e-04
2.797806810121983290e-04
2.795441541820764542e-04
3.051207459066063166e-04
2.796746266540139914e-04
2.965837484225630760e-04
2.800383663270622492e-04
2.935587253887206316e-04
3.047857899218797684e-04
2.902341366279870272e-04
2.802023955155164003e-04
2.921538543887436390e-04
3.232789749745279551e-04
2.788511919789016247e-04
2.971592184621840715e-04
3.043660253752022982e-04
2.968458284158259630e-04
2.963108418043702841e-04
2.799069334287196398e-04
2.927787427324801683e-04
3.042534226551651955e-04
2.796312037389725447e-04
2.970512723550200462e-04
3.048854705411940813e-04
2.801746304612606764e-04
2.945508749689906836e-04
3.090640821028500795e-04
3.093881241511553526e-04
2.902638807427138090e-04
2.798156056087464094e-04
3.033808316104114056e-04
2.896091900765895844e-04
2.798189525492489338e-04
2.799373760353773832e-04
3.176228492520749569e-04
2.799395588226616383e-04
2.916244557127356529e-04
2.798012574203312397e-04
2.917746605817228556e-04
2.799909852910786867e-04
2.800904912874102592e-04
2.797345514409244061e-04
2.919725957326591015e-04
2.795571635942906141e-04
2.793452295009046793e-04
3.050206287298351526e-04
2.828853612300008535e-04
3.191770520061254501e-04
2.793875173665583134e-04
2.796923217829316854e-04
2.798790228553116322e-04
2.838346408680081367e-04
3.065621713176369667e-04
2.796140324790030718e-04
2.791524457279592752e-04
2.799204085022211075e-04
2.928488829638808966e-04
2.795135078486055136e-04
3.063002077396959066e-04
2.792537852656096220e-04
2.927108143921941519e-04
2.794801548589020967e-04
2.893629425670951605e-04
3.057004068978130817e-04
2.799764042720198631e-04
2.800315560307353735e-04
2.801542286761105061e-04
2.799134817905724049e-04
2.866812574211508036e-04
3.064737247768789530e-04
3.039843868464231491e-04
2.792841114569455385e-04
2.843721304088830948e-04
2.791343722492456436e-04
2.783111704047769308e-04
2.784420212265104055e-04
2.772970183286815882e-04
2.832938043866306543e-04
2.887168666347861290e-04
2.794398169498890638e-04
2.899064566008746624e-04
2.926043234765529633e-04
2.847441937774419785e-04
2.797296619974076748e-04
3.048790094908326864e-04
2.913258213084191084e-04
2.796578628476709127e-04
2.857594226952642202e-04
2.982895530294626951e-04
2.907355374190956354e-04
2.821082889568060637e-04
2.829907753039151430e-04
2.830262819770723581e-04
2.979058190248906612e-04
2.899688552133738995e-04
2.834661281667649746e-04
3.040781011804938316e-04
2.798669738695025444e-04
3.049532533623278141e-04
2.801778900902718306e-04
2.961575228255242109e-04
3.201309300493448973e-04
2.834633341990411282e-04
2.801350201480090618e-04
2.794960455503314734e-04
2.796487533487379551e-04
2.793640305753797293e-04
3.108443052042275667e-04
2.798409259412437677e-04
2.800758520606905222e-04
2.994272508658468723e-04
3.049942315556108952e-04
2.960344136226922274e-04
2.793780295178294182e-04
2.798153727781027555e-04
3.053876571357250214e-04
2.932543575298041105e-04
2.925820008385926485e-04
3.051445819437503815e-04
2.802706439979374409e-04
2.794670581351965666e-04
3.058832953684031963e-04
2.885168651118874550e-04
2.953988441731780767e-04
2.799269859679043293e-04
2.922018175013363361e-04
2.961290010716766119e-04
3.050091909244656563e-04
2.797340857796370983e-04
3.048715007025748491e-04
3.048735670745372772e-04
2.798775967676192522e-04
2.978663251269608736e-04
2.799020148813724518e-04
3.050422528758645058e-04
2.794637111946940422e-04
3.053365799132734537e-04
2.801762893795967102e-04
2.924788859672844410e-04
3.012075612787157297e-04
2.796245680656284094e-04
2.803287934511899948e-04
2.799358044285327196e-04
2.796164480969309807e-04
3.029111830983310938e-04
2.833277103491127491e-04
2.799700887408107519e-04
2.911878109443932772e-04
2.801801310852169991e-04
3.129939141217619181e-04
2.798803616315126419e-04
2.981454308610409498e-04
3.044127661269158125e-04
2.799757057800889015e-04
3.027485799975693226e-04
3.050553204957395792e-04
2.969107590615749359e-04
3.048358485102653503e-04
2.799297799356281757e-04
2.928854082711040974e-04
2.800425572786480188e-04
2.800469810608774424e-04
3.041292657144367695e-04
3.121688496321439743e-04
2.973234222736209631e-04
2.919549588114023209e-04
2.923586289398372173e-04
2.920631377492100000e-04
2.801197988446801901e-04
2.928796748165041208e-04
3.043885517399758101e-04
2.796127519104629755e-04
2.797753841150552034e-04
2.795388863887637854e-04
2.800464862957596779e-04
2.798576606437563896e-04
2.958429395221173763e-04
3.039605217054486275e-04
2.784749376587569714e-04
2.971496724057942629e-04
3.050673403777182102e-04
3.031580126844346523e-04
2.984829770866781473e-04
3.056168789044022560e-04
2.797585329972207546e-04
2.947570465039461851e-04
2.799893554765731096e-04
2.796391490846872330e-04
2.889207680709660053e-04
2.800685469992458820e-04
2.927923924289643764e-04
3.072897961828857660e-04
3.051283129025250673e-04
2.939028490800410509e-04
2.797776833176612854e-04
3.049305523745715618e-04
3.060869639739394188e-04
2.798528294079005718e-04
3.041273157577961683e-04
2.800202055368572474e-04
2.863536356016993523e-04
2.793469175230711699e-04
2.801225346047431231e-04
2.947369648609310389e-04
2.798775385599583387e-04
3.070117381867021322e-04
2.801832451950758696e-04
2.797578636091202497e-04
2.955086238216608763e-04
3.039752191398292780e-04
2.785095130093395710e-04
2.965038584079593420e-04
2.920856350101530552e-04
3.053959517274051905e-04
2.797170891426503658e-04
2.976619580294936895e-04
2.799750363919883966e-04
2.799603098537772894e-04
2.984575112350285053e-04
3.046821220777928829e-04
3.052437677979469299e-04
3.071579849347472191e-04
3.073487605433911085e-04
3.069966915063560009e-04
2.909439499489963055e-04
2.956717798952013254e-04
2.796894696075469255e-04
2.873328048735857010e-04
2.800770744215697050e-04
2.794556203298270702e-04
2.921072882600128651e-04
3.156317397952079773e-04
3.139518084935843945e-04
2.797446213662624359e-04
2.792295999825000763e-04
3.077484434470534325e-04
3.006509505212306976e-04
2.799762587528675795e-04
3.114262071903795004e-04
2.901566913351416588e-04
2.793387684505432844e-04
2.918290265370160341e-04
3.041997551918029785e-04
3.061317547690123320e-04
3.041232121177017689e-04
2.918971003964543343e-04
2.928656467702239752e-04
2.800381334964185953e-04
2.794722677208483219e-04
2.792406012304127216e-04
3.046605561394244432e-04
3.051234525628387928e-04
3.049614897463470697e-04
2.794363244902342558e-04
2.798058849293738604e-04
3.052871034014970064e-04
2.795149048324674368e-04
2.976695541292428970e-04
3.060126327909529209e-04
2.856914361473172903e-04
2.799327485263347626e-04
2.799328940454870462e-04
2.800784714054316282e-04
2.932124771177768707e-04
2.798376954160630703e-04
2.798891800921410322e-04
2.793463936541229486e-04
3.039685252588242292e-04
2.798963687382638454e-04
3.046782221645116806e-04
3.040084557142108679e-04
2.792110317386686802e-04
2.982396690640598536e-04
2.974272356368601322e-04
3.108405799139291048e-04
3.197181213181465864e-04
3.064969787374138832e-04
3.054866101592779160e-04
3.062206087633967400e-04
3.153157013002783060e-04
2.916743396781384945e-04
2.883138949982821941e-04
2.797660417854785919e-04
3.244662075303494930e-04
2.792825689539313316e-04
3.046268539037555456e-04
2.860643435269594193e-04
2.921082195825874805e-04
2.790745638776570559e-04
3.046620113309472799e-04
3.049024089705199003e-04
3.198652702849358320e-04
3.132279089186340570e-04
2.799190406221896410e-04
2.800304500851780176e-04
2.801585651468485594e-04
3.013005771208554506e-04
2.791282022371888161e-04
2.872454642783850431e-04
2.899165265262126923e-04
2.964570885524153709e-04
3.048196667805314064e-04
2.797444467432796955e-04
3.096575092058628798e-04
3.121431800536811352e-04
3.062131872866302729e-04
2.798616478685289621e-04
3.263340622652322054e-04
3.130719414912164211e-04
2.971529902424663305e-04
3.043139004148542881e-04
2.797617635224014521e-04
3.114769933745265007e-04
2.799484936986118555e-04
2.926267625298351049e-04
2.923111023847013712e-04
2.927321474999189377e-04
3.211399016436189413e-04
2.793704334180802107e-04
2.801016380544751883e-04
2.823552349582314491e-04
2.803348470479249954e-04
3.160611377097666264e-04
2.797368215397000313e-04
2.790444705169647932e-04
2.799708454404026270e-04
2.794926112983375788e-04
2.797632478177547455e-04
2.798238128889352083e-04
2.795871405396610498e-04
2.978963893838226795e-04
2.799406938720494509e-04
2.800767833832651377e-04
2.944597799796611071e-04
2.800913352984935045e-04
2.796172630041837692e-04
2.966563042718917131e-04
2.794702304527163506e-04
3.040349110960960388e-04
2.926251618191599846e-04
2.789078280329704285e-04
2.795430191326886415e-04
2.796556800603866577e-04
2.799917710945010185e-04
2.798796340357512236e-04
2.795871114358305931e-04
2.803242241498082876e-04
2.801321679726243019e-04
2.797289635054767132e-04
2.804268733598291874e-04
2.798337955027818680e-04
2.800632501021027565e-04
2.794968022499233484e-04
2.794743631966412067e-04
2.799020439852029085e-04
2.800742513500154018e-04
3.080265014432370663e-04
2.792460436467081308e-04
2.977655676659196615e-04
3.245378902647644281e-04
2.798847854137420654e-04
2.800896472763270140e-04
2.798820496536791325e-04
2.802851959131658077e-04
2.795421169139444828e-04
3.054328844882547855e-04
3.282906254753470421e-04
2.799178182613104582e-04
2.787820121739059687e-04
3.147291427012532949e-04
3.260601370129734278e-04
2.794814063236117363e-04
2.799243084155023098e-04
2.797270135488361120e-04
2.796414191834628582e-04
2.931301132775843143e-04
2.798749192152172327e-04
3.072521649301052094e-04
3.209675196558237076e-04
3.065503842663019896e-04
3.007210325449705124e-04
3.148444520775228739e-04
2.809205616358667612e-04
3.370516642462462187e-04
2.822376554831862450e-04
2.799609210342168808e-04
3.108533564954996109e-04
2.849731536116451025e-04
3.048877697438001633e-04
2.836968924384564161e-04
2.920974220614880323e-04
2.828792785294353962e-04
2.915069053415209055e-04
2.801012888085097075e-04
2.794597239699214697e-04
2.794598403852432966e-04
2.846511779353022575e-04
2.871180477086454630e-04
3.055272100027650595e-04
2.972543297801166773e-04
2.821067173499614000e-04
2.795578038785606623e-04
2.833336475305259228e-04
2.798886271193623543e-04
2.798739296849817038e-04
2.809333091136068106e-04
2.793250896502286196e-04
2.959894482046365738e-04
2.822788374032825232e-04
2.956226817332208157e-04
2.816881751641631126e-04
2.797703782562166452e-04
2.797413035295903683e-04
2.797733468469232321e-04
2.954872034024447203e-04
2.797663619276136160e-04
2.924078726209700108e-04
2.960419806186109781e-04
2.835133927874267101e-04
2.798055065795779228e-04
2.877730876207351685e-04
3.051144012715667486e-04
2.923559513874351978e-04
2.875903446692973375e-04
3.043126198463141918e-04
2.795663895085453987e-04
2.804031246341764927e-04
3.078817680943757296e-04
3.087820659857243299e-04
2.882767876144498587e-04
2.964359009638428688e-04
3.166144888382405043e-04
2.847719879355281591e-04
2.833296894095838070e-04
2.801184600684791803e-04
2.801363298203796148e-04
2.800686925183981657e-04
3.050286613870412111e-04
2.796043409034609795e-04
2.798639470711350441e-04
2.800480287987738848e-04
2.898818347603082657e-04
2.797782362904399633e-04
3.075060376431792974e-04
3.062519826926290989e-04
2.873354533221572638e-04
2.883135457523167133e-04
3.044766199309378862e-04
2.928843896370381117e-04
2.796030603349208832e-04
2.796427579596638680e-04
2.829402801580727100e-04
2.809621510095894337e-04
3.020899894181638956e-04
2.932254865299910307e-04
2.936388191301375628e-04
3.045957128051668406e-04
2.796048356685787439e-04
2.802929084282368422e-04
3.096297150477766991e-04
2.795352775137871504e-04
2.827880671247839928e-04
2.934380900114774704e-04
2.971511275973170996e-04
2.791816077660769224e-04
2.795548934955149889e-04
2.892166085075587034e-04
2.798148489091545343e-04
2.799929643515497446e-04
2.804055984597653151e-04
3.038585418835282326e-04
2.792048908304423094e-04
2.916654921136796474e-04
2.799442736431956291e-04
3.035565605387091637e-04
2.793148451019078493e-04
3.163622459396719933e-04
2.794635947793722153e-04
2.793493040371686220e-04
2.794157480821013451e-04
2.792739833239465952e-04
2.899027604144066572e-04
2.861908287741243839e-04
2.796578337438404560e-04
3.040579904336482286e-04
2.932834031525999308e-04
2.799645299091935158e-04
2.866552094928920269e-04
2.791401639115065336e-04
2.800968359224498272e-04
3.068062942475080490e-04
2.801973896566778421e-04
2.799599897116422653e-04
2.798718924168497324e-04
2.801803639158606529e-04
2.860347740352153778e-04
2.881567343138158321e-04
2.919311809819191694e-04
2.829445293173193932e-04
3.033742541447281837e-04
3.062158939428627491e-04
2.828429569490253925e-04
3.164336085319519043e-04
2.842254179995507002e-04
2.859903615899384022e-04
2.962213475257158279e-04
2.921103732660412788e-04
2.872654004022479057e-04
2.895092184189707041e-04
2.801555383484810591e-04
3.097665612585842609e-04
3.075172135140746832e-04
2.796882763504981995e-04
2.929766196757555008e-04
2.787263365462422371e-04
2.796840562950819731e-04
3.074900887440890074e-04
3.037399728782474995e-04
3.079967282246798277e-04
2.800206711981445551e-04
2.801178488880395889e-04
3.055380657315254211e-04
2.801188093144446611e-04
3.041003656107932329e-04
2.990111242979764938e-04
3.046859346795827150e-04
3.033905522897839546e-04
3.008197236340492964e-04
3.081245813518762589e-04
2.858907973859459162e-04
2.985633327625691891e-04
2.969040360767394304e-04
2.799600479193031788e-04
2.794119936879724264e-04
3.046121855732053518e-04
2.963550214190036058e-04
2.942983119282871485e-04
3.090826794505119324e-04
2.900544204749166965e-04
2.920872648246586323e-04
2.916727971751242876e-04
2.811755402944982052e-04
2.797581255435943604e-04
2.924076397903263569e-04
3.032470413018018007e-04
3.045489138457924128e-04
2.799702342599630356e-04
2.800650254357606173e-04
3.079046146012842655e-04
2.923159336205571890e-04
2.964718441944569349e-04
2.796631597448140383e-04
2.799143840093165636e-04
2.798339410219341516e-04
2.802013186737895012e-04
2.836867352016270161e-04
2.792878367472440004e-04
2.801183145493268967e-04
2.967976615764200687e-04
2.787560515571385622e-04
2.796788467094302177e-04
3.064718039240688086e-04
3.046033089049160480e-04
2.882005355786532164e-04
2.793081512209028006e-04
2.793922030832618475e-04
2.798020723275840282e-04
2.799525391310453415e-04
3.055639099329710007e-04
2.796695916913449764e-04
3.083129413425922394e-04
3.128323005512356758e-04
2.817545901052653790e-04
3.217274788767099380e-04
2.966340107377618551e-04
2.920250408351421356e-04
2.797665947582572699e-04
2.989900240208953619e-04
3.050583181902766228e-04
2.999315329361706972e-04
3.048036014661192894e-04
2.930930349975824356e-04
2.792505838442593813e-04
2.803339739330112934e-04
2.917107485700398684e-04
2.890382311306893826e-04
2.926576999016106129e-04
3.098335000686347485e-04
2.962947764899581671e-04
2.941314887721091509e-04
2.793564635794609785e-04
3.091898688580840826e-04
2.822833776008337736e-04
2.795246546156704426e-04
3.072837134823203087e-04
2.875216887332499027e-04
3.050496452488005161e-04
2.802017843350768089e-04
2.922751591540873051e-04
2.801097871270030737e-04
2.798930800054222345e-04
3.016398113686591387e-04
3.058699949178844690e-04
2.871434262488037348e-04
2.795829204842448235e-04
2.906605659518390894e-04
3.098560846410691738e-04
3.029833897016942501e-04
2.799411886371672153e-04
3.108433447778224945e-04
2.925019362010061741e-04
3.056741552427411079e-04
3.168686525896191597e-04
2.927094174083322287e-04
2.880435786210000515e-04
3.041176532860845327e-04
2.943114377558231354e-04
3.044514742214232683e-04
3.045446937903761864e-04
2.896224032156169415e-04
2.920074330177158117e-04
3.118254244327545166e-04
2.909277391154319048e-04
2.796628978103399277e-04
2.965097373817116022e-04
3.043350588995963335e-04
3.091098333243280649e-04
2.878101076930761337e-04
2.795612090267241001e-04
3.052405372727662325e-04
2.958680561278015375e-04
3.069369995500892401e-04
3.047942009288817644e-04
2.802333037834614515e-04
2.801811497192829847e-04
2.796545741148293018e-04
2.796405460685491562e-04
2.794970350805670023e-04
2.819932706188410521e-04
2.948243054561316967e-04
3.073633706662803888e-04
2.896852965932339430e-04
2.978388802148401737e-04
2.805961121339350939e-04
2.891064796131104231e-04
2.800052752718329430e-04
3.039459697902202606e-04
2.941342536360025406e-04
2.845255658030509949e-04
2.795991313178092241e-04
3.046607598662376404e-04
3.046752244699746370e-04
2.891785115934908390e-04
3.043981269001960754e-04
2.926097367890179157e-04
3.041202435269951820e-04
2.789788704831153154e-04
3.051831736229360104e-04
2.966262400150299072e-04
3.013805835507810116e-04
3.047268837690353394e-04
2.885549038182944059e-04
3.047695499844849110e-04
2.863081754185259342e-04
2.966029278468340635e-04
2.971670182887464762e-04
3.059765440411865711e-04
3.039358707610517740e-04
2.792408631648868322e-04
2.840272209141403437e-04
2.954060037154704332e-04
2.815618936438113451e-04
3.047360514756292105e-04
2.882046392187476158e-04
3.047949867323040962e-04
3.042242606170475483e-04
3.058546863030642271e-04
2.927049354184418917e-04
3.198120975866913795e-04
2.798908681143075228e-04
3.099277091678231955e-04
2.883942506741732359e-04
3.003790334332734346e-04
2.895780780818313360e-04
3.094967978540807962e-04
2.857627987395972013e-04
2.798557979986071587e-04
2.792518644127994776e-04
2.925512089859694242e-04
2.923512656707316637e-04
2.880035899579524994e-04
3.087599470745772123e-04
2.800956717692315578e-04
3.033695393241941929e-04
2.965427120216190815e-04
2.924498694483190775e-04
